725986
866129
679634
962836
987851
913518
773347
943776
951768
683754
640256
988951
668701
881257
963789
917584
858643
920229
991783
875944
907280
950248
971275
916352
991506
837942
970350
869580
713700
824064
652796
822981
871785
889966
957522
970309
901292
982544
972190
674687
897063
968924
887741
947299
975545
910388
977960
978046
688754
760813
959706
995568
892858
779978
798447
904916
976046
951349
884968
822957
555111
982192
962038
824740
991437
953498
979939
865976
883875
748485
773571
988303
895459
916753
990355
710942
965392
985885
711332
893138
961982
978890
982130
910087
816983
927260
988874
895108
973835
878045
854784
993933
942568
951067
950075
961235
898858
772338
926455
765568
