0.7272727272727273
0.1711229946524064
0.5454545454545454
0.4946236559139785
0.44705882352941173
0.5
0.453416149068323
0.7755102040816326
0.18750000000000003
0.15384615384615385
0.9090909090909091
0.2838709677419355
0.41237113402061853
0.37499999999999994
0.9019607843137256
0.7338129496402876
0.17647058823529416
0.27777777777777773
0.21818181818181817
0.8292682926829269
0.5135135135135136
0.689655172413793
0.47058823529411764
0.7368421052631579
0.28125
0.8045977011494252
0.2619047619047619
0.84
0.7333333333333334
0.7594936708860759
0.6
0.5029239766081871
0.42500000000000004
0.18604651162790695
0.48920863309352514
0.64
0.40909090909090906
1.0
0.358974358974359
1.0
0.8809523809523809
0.6376811594202899
0.38674033149171266
0.40816326530612246
0.6770428015564203
0.3970588235294118
0.7692307692307692
0.5814977973568282
0.6842105263157895
0.6666666666666666
0.380952380952381
0.45000000000000007
0.22222222222222224
0.75
0.3636363636363636
0.6511627906976744
0.619718309859155
0.5352112676056338
0.5753424657534246
0.6211180124223602
0.14545454545454545
0.47058823529411764
0.3410138248847926
0.3619047619047619
0.3958333333333333
0.64
0.8433734939759038
0.3655913978494624
0.22222222222222224
0.1328125
0.8194444444444444
0.46153846153846156
0.33333333333333337
0.3636363636363636
0.0851063829787234
0.3058823529411765
0.5
0.9615384615384615
0.9285714285714286
0.26016260162601623
0.4485981308411215
0.7230769230769231
0.6336633663366337
0.608
0.36470588235294116
0.736842105263158
0.5106382978723404
0.4683544303797469
0.6285714285714287
0.5161290322580646
0.3828382838283828
0.3888888888888889
0.7222222222222222
0.4468085106382979
0.6600000000000001
0.5714285714285715
0.36756756756756753
0.3619047619047619
0.7254901960784315
0.5526315789473685
