203.9633704631746
7059.552788545099
2616.351449952245
3832.5351872536835
1116.1549474517924
602.4759453014154
4574.025349085971
1029.2698623641697
2075.8039519401555
2637.198767910834
2849.5834057195134
4394.347020720146
2068.8334976758783
455.4431537322697
4814.13050155215
3791.3112238471936
1347.7608138844153
1736.6312851441592
734.2994148922511
4160.39315324899
688.3662589265225
3290.9838605504588
1454.678285270908
3502.4015679539043
3313.684219268716
3275.3951839958468
6088.720691509397
2141.439801833879
1755.6903307180605
4809.457591087392
5876.088952307967
322.8679844561089
4169.818816977569
883.828764846754
6176.530346304403
6101.61256679292
2492.1759936300004
4056.372607998518
3749.0814799897344
3345.4667763309862
5436.487421911979
2751.0175121912384
3437.2468002355026
575.7748168952534
483.4385398720069
3674.5999572015025
298.48714888838055
2964.879685552783
809.077594364156
3579.113833964867
2528.934762925029
1934.874632429436
2748.1921364952414
4055.0969909804235
525.9389539574115
5346.913734233253
1510.6210160743947
2606.5552268188662
5920.315432708296
1565.0680297621568
1014.9278987801349
540.0232381712962
4994.369175125601
2318.9279488003813
4196.618483536449
2934.7827812837163
2858.286172161234
1657.0506140331584
3367.245680349152
529.0824341278527
4531.165163022079
2673.506893721741
1032.5311542333452
3145.1316632317858
5045.351276292149
5384.6086792854785
3650.976971538938
3460.762344046828
1804.7158474650903
3702.5283330956768
943.3652038624917
2367.3960707912247
549.3419532471584
970.1170007013044
2343.786282061494
1701.9787048716619
4625.794607231512
3346.6275216037757
3061.865301878434
792.0991223098107
2326.569168791776
1110.6943572872292
3892.472317872735
5913.049470551296
2533.764702812209
1045.6182064051375
5264.936713082113
1710.039053637938
2355.6002727727764
732.9601275531015
