636.2328673668933
2157.14353337865
1169.5521029194101
920.3063986872098
1616.4736919911822
1740.5453974154043
1428.8688611444315
1072.4109365684994
2523.6591400318225
2331.8693651514845
2108.9811632845763
5989.823202321113
5560.881647740728
946.8745816200593
5468.117367826359
1761.8048559712147
1801.3712262714002
1736.1087756370164
5163.854966099192
2026.8859656447594
913.9730885513586
1745.2180933244774
1557.1483934808914
802.5936347415727
2186.6376975127687
2613.6357022820926
2043.6304445295377
941.9971320049704
1597.0060411611607
1078.4159919898927
956.4173072085206
1101.9453970199315
637.8451771338063
1034.9285175431173
1412.4942823131535
980.7127275295945
1679.4899632489626
1544.8449616223068
2110.7782277318383
874.246992792113
2273.765370080632
1973.8315143777504
992.9407941842652
5776.522204304187
1287.9260478177127
3798.319958152821
876.9945777336395
2464.2086990591774
5014.150482206931
1835.6399309168492
801.5655128688137
1891.515893476599
3794.6260199010453
1497.1928130402528
1610.0595343295429
1806.294297021377
1329.1737415142145
953.3269464210474
2680.148317746608
1321.528820033956
6005.013210113923
745.6958227650671
1051.6503539131907
1001.2172910718019
779.8223818545642
2127.353483044116
4683.218656704007
842.4548055182513
3554.0988977075276
1397.0583613235924
1017.303766974568
846.0218609434268
1877.5574313438437
2409.942465819878
2678.07517323737
188.4816304785968
3541.7609635684153
1430.9681186883658
1511.195988352999
875.4594784497823
2372.7028665050275
3056.234304386015
1089.3843745423378
2625.843313645287
1365.0378624400494
1668.0878496659154
649.3409597323999
1226.1246207463075
741.010826100728
3266.9520682833136
2310.7412357433263
2665.969968544551
1295.2479369029363
1691.0758517752402
3060.071690337457
1139.2019330636715
2427.6534599458173
1767.1406494162734
2045.7995321781736
2701.7455536392363
