636.2328673668933
2157.14353337865
1169.5521029194101
920.3063986872098
1616.4736919911822
1740.5453974154043
1428.8688611444315
1072.4109365684994
2523.6591400318225
2331.8693651514845
2108.9811632845763
5989.823202321113
5560.881647740728
946.8745816200593
5468.117367826359
1761.8048559712147
1801.3712262714002
1736.1087756370164
5163.854966099192
2026.8859656447594
913.9730885513586
1745.2180933244774
1557.1483934808914
802.5936347415727
2186.6376975127687
2613.6357022820926
2043.6304445295377
941.9971320049704
1597.0060411611607
1078.4159919898927
956.4173072085206
1101.9453970199315
637.8451771338063
1034.9285175431173
1412.4942823131535
980.7127275295945
1679.4899632489626
1544.8449616223068
2110.7782277318383
874.246992792113
2273.765370080632
1973.8315143777504
992.9407941842652
5776.522204304187
1287.9260478177127
3798.319958152821
876.9945777336395
2464.2086990591774
5014.150482206931
1835.6399309168492
801.5655128688137
1891.515893476599
3794.6260199010453
1497.1928130402528
1610.0595343295429
1806.294297021377
1329.1737415142145
953.3269464210474
2680.148317746608
1321.528820033956
6005.013210113923
745.6958227650671
1051.6503539131907
1001.2172910718019
779.8223818545642
2127.353483044116
4683.218656704007
842.4548055182513
3554.0988977075276
1397.0583613235924
1017.303766974568
846.0218609434268
1877.5574313438437
2409.942465819878
2678.07517323737
188.4816304785968
3541.7609635684153
1430.9681186883658
1511.195988352999
875.4594784497823
2372.7028665050275
3056.234304386015
1089.3843745423378
2625.843313645287
1365.0378624400494
1668.0878496659154
649.3409597323999
1226.1246207463075
741.010826100728
3266.9520682833136
2310.7412357433263
2665.969968544551
1295.2479369029363
1691.0758517752402
3060.071690337457
1139.2019330636715
2427.6534599458173
1767.1406494162734
2045.7995321781736
2701.7455536392363
711.2786937380938
3916.6951773270084
3107.2756332421072
2869.0692375636263
1065.1712551787946
1173.1804091641286
1928.6033286093448
1408.9364956279496
2188.336101418169
886.6273396942782
4551.033782356409
1293.1804645492953
1346.2167511265561
5617.7754326799095
978.3619506543014
3170.401447610408
3062.367025015171
1018.1096794255582
3697.5589027214123
693.1853955236861
1176.6181888844856
1587.1251678324936
1833.8682173493664
1112.984283574777
2216.751955275634
3186.8072668134405
3239.7517638986474
2642.720573999607
3347.738040669147
2258.201757185541
3014.6563867348773
3435.545041523686
1178.1432484212746
1295.0208637157655
1442.0291627930706
619.720658447723
1072.6768818934354
1522.8228496265453
627.6419631742482
1646.875208809154
3976.695326135707
3992.5920339370314
3262.980146461201
5529.980565606538
807.9230357227672
1013.3244487967205
2977.45704518436
985.4892175073327
1718.2802841962257
1043.1679969509175
5099.987512258259
948.6270193609535
1990.178402499858
2549.828094477044
3980.8621083817116
757.9569636285518
1148.1883183768698
1173.924600762394
4015.7776397536154
2518.2637477487006
1469.5225073807962
955.8854288250201
929.1365127826646
1928.6049298182809
1640.8889940491354
1306.5537265581117
887.9254198806009
1569.5764775381745
843.8219120510438
2202.5584129354775
2372.7583084032653
1465.9142542264774
1439.0529975832833
977.1533984611277
881.0272838208588
630.3591159138795
2901.247477149741
856.1332178253082
681.9381657366762
4157.562451710311
4519.829698432051
2150.948852814977
1879.1633625122502
1844.48559285614
1327.717495621291
3883.6772651519505
1258.442997255516
690.0365031279837
1415.5632141045032
3271.4286600599753
1251.8037818537352
915.7620940303499
882.5090583579289
2985.544486726312
985.7812533294519
3060.714775008159
1702.4854622471478
928.9644676158617
1470.6134314570872
963.289034781504
569.6148612958588
917.1668405960422
1139.0501566221164
1330.643703268149
1353.8753579742652
870.676448737718
1111.696668919564
939.5845372035872
1602.7505997625592
5353.852971087004
1886.804080672465
2226.6528024027734
3518.2426310578007
4389.34444042782
1961.8543225065018
3823.357569194916
3767.2126694659078
1523.2089193231068
3497.674481673316
1293.3196850428321
5651.320141048192
1782.1168218740982
1097.6657466375823
2276.0744484150396
1951.6691641471905
825.9285458758264
552.6310037650686
5111.525236711186
1937.424482397312
1262.3008550320606
901.285114098263
1496.2451401797955
1424.3448375963721
1005.4540183051329
978.6507946482159
1767.419019573398
758.5136894158892
863.0972584450715
792.4186019232562
1122.3729792773652
2265.6150571471826
1556.914525998197
1365.5966150196812
1478.3540694087067
1300.413381805429
1378.1993382279427
1247.902488113966
1128.975089880621
6331.550011318318
2218.673229993925
1311.138492172645
1638.183978176438
2713.0144816278507
1143.7653593584648
3975.045681777571
2593.2850982313744
2551.8871685638846
2920.617777306857
2249.7151438526234
1040.5573036911437
1883.8270308189983
2846.7591229809073
1201.7305360208363
1002.6325430387416
2726.844731709123
1248.5390545259656
4526.0643370580165
3593.2303644514423
740.3226124362299
2164.5773022429835
5337.962272520456
886.1015852682563
1921.4899361314956
2355.0768041963865
972.4255926372462
321.7103150228969
1506.8877701644278
1250.1967444222769
2108.5199723697137
2261.2236201379756
947.8637075908064
5810.054892869718
1421.8082441079505
1010.6704158773115
2331.250962030406
884.5960435255913
776.357442028481
914.5856994073562
1667.2367667945568
3347.362491460953
1111.6465700928557
2687.0950380817885
3049.725649594366
1444.6525648915074
883.1407475521042
1259.528364023366
1021.8198190999263
2757.4773721837946
4427.867579786025
6110.212437022189
1692.3292996695495
2646.411526532042
950.9800717505575
1698.8570311410804
939.1436166084386
4050.74607711922
867.9920631347904
1175.348585463752
919.7710115300615
5377.521998436331
3677.7604296812397
2248.168562865271
1363.5442578716875
1772.7109262894178
1605.6413517494525
807.6788251530537
3082.280563832721
939.8599368582785
4767.942669446455
2473.3336197731132
1768.0309680924993
2955.368597950656
3704.307321352482
1213.602691138936
1930.7337616155064
3784.1223263468873
850.439147351008
1221.1388138770749
1265.1666934783584
5040.631785220005
1351.8641646929646
4227.248553624417
984.9489685138644
4779.576614418557
4250.9460011991005
1133.420609385965
968.5081730988127
996.433312281887
4220.778930324279
800.3065945113723
4186.526428932551
1515.5429244985303
6220.09289964057
2019.9602868672725
1667.9032851201039
1060.719831422179
2104.2315450926058
1291.8462492197789
1232.009702827786
1576.681980463032
1222.6376705083017
3880.329027501213
1263.950095408652
3778.0375625555425
778.1394781396883
1238.681487929281
1579.426247924112
1030.331449528971
871.5933772375496
3523.3193424971687
915.8509932881476
965.7476812008816
919.8914938322168
3438.7188283557507
1882.8845381246388
5976.306232882518
914.6721901352475
901.4474601338087
1845.9309812988745
2612.1039852270915
2685.972603819529
631.7563250070174
4142.127662378333
957.187663383506
2846.57364050692
248.52924767693352
3027.1643933426317
1432.2131716274175
1084.4798326982695
1693.1574484286625
4543.869750688915
3056.200082353759
3376.0780110138803
940.3740394167522
1501.0031586952357
690.361516502606
1271.9784283709805
622.5455565780888
920.0657598839906
852.1065388777785
1624.0999867649698
1074.4782692170152
3129.487185779698
5198.280189003594
1748.6936302407225
1459.4653203597115
2910.1840595772687
1178.633567724985
894.1536152880615
2334.4135274716145
2463.4678751521174
4960.583951947664
5749.508998901411
997.3400234120426
2570.130617458732
1336.2668282752356
5338.151267832945
5115.651868573869
3851.2543424364126
1952.7373851591908
2549.937717281918
4692.988406250591
831.5450181482663
1194.731860507893
1181.280845946404
5022.588060654251
979.7465805310787
1725.5285060555316
1631.5998233453288
2456.1046460915313
992.067618919574
2772.081927683444
2098.854310360962
1895.8983925009602
773.768189109723
1708.8598573224663
665.4323938065479
2195.915986165684
1002.8298269388981
1409.9649615682126
3612.6788653924596
892.5607862556495
643.9906912633361
1023.3289543247339
1284.3080677440978
4049.579655495661
1270.941160525476
3678.6637799576824
702.0579025951125
1116.3763321190854
1954.8049437849834
1727.541643089746
3133.4148653356997
5784.158973023297
814.4814529180013
989.92701318329
971.7086333065531
776.9632131996075
1725.9838200540682
1064.0007232526582
1082.6115092129094
1640.3680064600874
6264.291723123669
4875.613956657531
2150.058242030291
2051.9744296226313
1302.2488552518519
4295.892182290128
1221.5328965631577
2947.520727533403
3823.5520795198395
3412.751010329565
2868.768164514969
1273.3857791336234
1626.8813275336836
1623.637906464126
2225.1835929157887
1596.6594188003041
583.2973302512725
831.174177470017
3473.1790009799633
1890.9106798154614
791.0515788610666
3395.27259553648
1288.5233069181145
141.10293197641923
1510.6115769064868
2353.1121866261333
939.9631618079361
1874.1778585711022
666.6717640822866
1624.45092338564
935.41520098855
737.1356498701774
835.9115670158064
1485.8562590136758
794.0335499120275
3450.3560986448915
1672.335817810448
3377.3934906952554
4014.4571842222913
1004.2125668263805
920.9619050978673
4831.586977345274
1152.832990283259
1268.2077766845202
3575.66695473263
1759.125000925142
4431.362027601793
5474.157147573114
1231.6714315250777
2220.3558767521326
1826.6840566031253
1473.900878405534
1604.0541248469058
1329.4118952253548
3371.908190587199
2412.266770422706
837.4350329339898
949.2939432145654
4554.336357689236
993.6405311803547
2019.5797762356276
934.9338918889885
5173.394057854352
3176.83599802521
789.5546254563609
2855.025427111712
1380.6077294036577
1985.9864696804627
1023.8280243392614
928.2391876703458
891.8060950452934
3092.8375569263135
1463.7366667936537
1170.286924065419
1401.7651691311792
763.2163265027981
2783.1865862790023
1857.8336869359664
888.1470698091234
898.4481361762832
2865.681344873701
825.9854006187921
1961.300116202311
616.424251962439
973.0868148978747
599.0959675407427
1035.6097609628982
1122.650745884697
910.1313079166241
2861.913585820154
2868.070480955177
1204.1048883103826
2318.0580793813992
878.1169652888774
1221.357395002263
990.331716319898
1541.3690959761743
3272.8659232672926
775.9592613133368
1132.1799985609575
4867.646788812222
1311.438760924067
802.237247570877
3284.2735756720886
1404.485953357202
1341.3085487584895
1104.9959718828131
1293.0375323070668
3839.238840075189
3446.9774130885735
4278.893171017185
1445.8370159144224
1146.8592384623553
4535.6464003651745
883.5892593891443
2431.262788628839
1079.7181279024899
1194.8018759802776
1496.5453708254506
3534.3173777241263
778.2039557015667
4149.138643707641
1496.33049581483
520.1304657004806
4222.278869903666
961.2250945555642
4095.605637683337
1691.8200704994083
752.5488221617288
1088.8082214258695
1911.6789820837116
1504.7111998794846
921.0063088980236
2581.181692359362
4778.276996534023
1116.6862632890004
669.9138087950785
1774.639504217455
1230.333629167078
925.6269098525257
6084.658997690369
839.9381382541621
1426.36389506327
1804.1121376894557
5606.64780098061
1756.8545586848895
1412.8530722664389
1192.4478247876032
2445.5949594084377
1775.0378577279776
2191.790267474796
5604.96132091709
4042.5364209882846
4698.946430936487
1120.8098518582865
1010.8538933600275
2553.0230373619743
1297.6742792027042
901.3214927279786
6049.6991665661235
2011.3411659183823
1217.7110043276462
1652.5239318463105
1353.6517130051288
1334.3718666497998
1522.9319459690298
2654.7001304593905
3740.7612498555745
1516.5251323583477
2126.5083170416983
5747.699456160346
2113.4302641655036
3943.301708594622
1651.229002414206
758.2563842740586
1231.6199706407594
1144.4058326375318
2246.714220792732
1353.1161723080008
903.7870701770671
440.8363161095191
3075.1688702861293
3456.2492645925836
3212.556433663219
3704.466831158795
1386.8596891862194
1015.0725314880526
1430.515488948073
5458.828728188498
6289.326346068469
6297.3882036156
4400.353934619855
2327.7415523109794
3955.302525735452
1082.5784442348154
3009.2583307946447
1543.1965376203702
2208.024086593495
2186.769887646503
3259.056476952174
904.4646106894669
771.7323417804508
1076.5742112043451
868.7304088760934
801.6326301140992
2056.3416414856542
1387.0463186248794
1052.6113356979354
3114.712181178244
1070.042818063171
855.9815546351201
4171.359887173642
1066.7562617843362
1262.8843301317659
985.2066007799333
1386.3048051155986
1101.9341216721905
953.7824267395653
1149.0653995280443
3005.9795043487434
2751.7717870027773
2754.8384240519554
3483.5781239331836
145.3497503829586
3559.0180077708737
682.4479484729707
1732.9637714427884
5293.320440191512
2879.910974000937
950.310834039662
2210.012465879418
2538.9274067991187
902.2769524711703
1272.95300037207
857.18598519805
1057.1269303445638
718.922251268275
3382.8083487761305
3368.6848743418313
5858.601535203885
918.0507589155545
1197.922384904341
2212.234026290968
2608.1497415823137
2266.0984624047724
1327.6670231115897
1905.8217794161112
970.5456900180159
1045.7759300771972
3252.4366043243267
1109.3685265655993
1345.0375027259452
2058.2287398925664
1035.7182174403104
1119.5280263567065
900.2356187835076
1570.4298634725317
807.6370820428984
2169.6534625162963
2229.505195633289
1181.1537664963419
1792.0982309900546
1401.9676533897596
1195.3494471630113
1323.7093406513154
5534.959576116643
1784.6246210692225
4755.084214672964
2016.9020825060234
1352.829337343586
962.7194251343927
2373.8082302080925
1285.456432679875
1313.8238169602002
468.6872961169308
1375.2812927897119
1219.3004687383448
1369.678691000894
2900.4623845947317
1647.2131402117138
558.1590470631579
1120.6516808928184
3431.9242513773315
4056.5553124061494
1698.0989405015587
1317.256932431762
1803.5977789357314
2714.626809588136
2298.6292920706755
1167.4249692472538
3882.8865460443453
813.7684557040762
1958.782955189077
4395.914884499573
3684.4281128239495
766.7741061724912
1077.034875014994
731.3583473649659
1057.428515998134
2543.8128586788657
3185.9244276907843
1147.3927812750524
798.63923476876
3524.736783421044
1178.3522754573787
4167.7372984016365
2686.7719791048276
2202.8585222457673
1120.2305810643475
946.7085526406712
849.7982017397687
2775.035597766012
1811.9941232205965
858.1355466227952
3060.9312142726058
2474.101846163619
967.861018798987
1063.0711762886206
1411.3666792540125
4790.846234841152
1212.0281700541345
5181.274612427533
883.1122333047417
138.65103768529187
4061.63464899873
931.6665500382511
851.5078974388668
1679.0997438991612
769.6311300987189
1816.0734269275295
4068.045711575486
774.8882955772285
4172.854958466026
805.6918647971055
3775.0689457971666
600.2159150408605
4541.435143648829
846.3066527776361
2734.741807619491
4838.607999065598
1891.4711104276344
958.022432908908
2182.714032849419
4562.098107093795
2023.521377639521
805.090577062263
3530.5144648471987
1271.6974726763049
3915.6365365000443
5044.601378776186
2215.920420713997
2395.1826582834174
3853.9581985210216
3151.621160859877
1639.4327144910249
885.7717732174698
1043.9162437715386
2249.0593701840235
1106.5443949991964
1908.4354030410793
2383.3943440764733
1001.653542148534
5068.966106126299
3871.9149090568494
1524.0123222891016
1531.0800651449676
2551.5705864500515
3027.365606613866
3489.8675073457234
1531.6829352229781
5783.444524289052
853.7524531628003
804.317130469851
746.740676914094
559.4629020487837
756.4607043664174
2267.552466289379
1608.1077525021847
1260.6951513489971
5475.900629780406
991.1800171475425
1140.6420586163788
1713.5974010783448
4048.806389137105
1983.0228576240077
2336.4387175935794
632.2554693339201
2710.283332209218
2697.4466716859383
2954.7797929663097
1111.5503526251523
3652.976314218797
807.2383383499833
862.7967845279768
5509.169423430975
1297.1067851224389
5001.3150300112675
906.5810715325532
1064.3114807129086
3243.7914192336607
1100.5152831868327
1136.136714216545
5181.757088649379
847.340785037203
839.6727320967617
1789.4609974055875
1658.679210714031
1311.763698391206
1283.3723824170704
925.5939700821148
3385.5833761900053
5543.900201409921
1623.4272820633753
1586.0134581951854
4677.918582614285
975.2930295618019
1257.1570467952051
1850.8934863195425
1159.7460559809706
804.7994885993967
3814.496225901555
2385.102050627323
1893.217048706977
149.75185987454856
2198.9696653161286
1696.8620430506544
981.3320819948037
5357.602176550022
652.6603533066985
1099.8310559180916
1876.6022058810424
2226.2624414146867
1959.278489809626
917.5431068688871
851.7760042863713
2221.5035980364005
1633.3322847474124
1077.7630740308477
3274.347030377213
2689.5662483743995
1431.189246201247
758.9099062486436
1148.7711233229354
2594.9726108849613
1755.2649139794207
1318.9326550784713
3509.6551545178295
1280.3809876520202
1683.3954502268184
1344.1831782086895
1697.4332723535338
3446.2425133798088
748.3529780410212
2002.3981032969873
4127.783282348562
1296.3720459222936
746.8206956190887
1941.8582471608745
881.5202294456604
3859.5355909303175
835.0175306427759
1559.7827208217159
978.5870731836995
2578.0986009039593
704.5187756691543
1731.013765987922
1706.1628826421008
643.8266483991621
1491.4575125973047
867.5226783563468
1809.9044152295664
4081.485585769614
2209.0711197710307
1537.1747238991632
477.2057800741701
1224.0670513652185
1260.5393913990545
1356.3075980215965
2525.992717273839
1879.3875650429907
548.3788115168487
2506.5767406470177
1986.8654881960015
1495.564537767823
3522.5726969217144
767.621656932794
1013.3543047608923
2269.454426838262
3336.118836468375
1478.0455787239105
934.4512745363975
1144.2357034190431
1001.9449258696163
1515.795735005178
2983.399074566117
2079.17084052158
3265.078202912914
723.2800164459709
2238.0229349044816
1147.4383378587174
1998.1989185438986
2497.9895747432315
937.1030619019982
1250.627523742987
707.2419542876274
939.5673950147759
2250.366400161776
2944.8361816362117
4615.600796121799
1071.847255929981
1977.6053888903393
870.3554374124489
2705.1653455437063
1425.482812030655
4684.632923173072
1393.8290793734625
1845.5918697867824
1185.6579244134584
2382.2223557199454
1303.8714814116531
1144.0833657775736
2399.812812082555
1981.324072222084
179.7681550459451
1482.6552626017447
1423.8273288998594
685.6443029760138
1656.3072291751184
3572.032561380985
2109.1580551623656
967.3411763697658
822.5819566130272
3490.6645176817465
1809.3292709321108
866.0563018491446
1851.7443536888197
657.1707813889209
1523.0075230553243
2317.5444974836737
1152.9959469704888
1875.3186632664294
3073.300171527023
1119.45204146005
5768.132035717113
839.691733773795
3442.631270759794
2390.2432444311517
1197.4539272980387
