139.20626539937612
8269.043804243474
761.0533031051133
2085.0213682240283
1259.8272372725023
741.7759618008243
1099.8371128933738
5260.652759953181
1528.5256223662398
1180.8448184358542
3912.0230372936117
2907.79896896373
804.0202162986401
1420.5343323684017
1056.1823336309803
2657.721026871179
1404.5428629559106
1545.203093138986
5232.518023799851
5779.977230817268
2202.9417198445803
2023.806352342603
932.1154053492673
1473.244033026732
2130.520891610449
1427.0803402084557
1595.7249248364615
4578.255640174353
4324.992778605342
1108.0358809398426
4505.859824120542
4122.485090600404
1560.2522847666946
1199.2911397624882
1863.6205192322693
1011.786831373884
1282.9576635731519
2395.892264066604
1551.2430708156403
5451.6299890617165
5095.316361721696
2515.442623625053
1307.1749306070756
3128.9176549067497
1079.2003527448226
820.2036533663659
1804.2765645771449
1806.5388323286318
852.4258357019002
2205.6736206605024
1312.0534800571575
661.435422301473
1835.0331267795323
1952.617910142205
845.1326215559102
1571.8634411290298
1666.6031541276466
821.6570350087936
890.6124388503843
1450.1555807458071
975.6320779137486
2305.1682789235906
1919.3857755066342
682.0825363290556
4011.633691177274
1946.7757791726915
1509.4263803287683
3230.2157006227762
866.568670423225
810.7802924026857
3405.686158259447
1561.5063671934724
2995.387597239182
1730.4110772007252
944.6764435997537
3279.820585342564
793.2873738794374
6256.584247108641
3773.2822523401114
2679.980984957565
1815.6901541516384
779.7503787067174
1025.7473881421997
4013.856425776733
4369.0474250155185
1651.4399579334963
652.3632494241097
931.4214511803506
1944.600998906989
1328.3297022483364
1237.4960166388123
3841.5906600527915
1072.2409161346018
1846.1807262822945
2636.3771841407406
1005.267873992109
1389.4988967509114
3726.0032018843076
5082.376515951628
1293.8745043957015
