88196.0
121117.0
114732.0
70405.0
68762.0
41246.0
160885.0
188096.0
53212.0
77875.0
68946.0
40772.0
56589.0
73589.0
164212.0
190461.0
45466.0
127959.0
17892.0
57829.0
86925.0
128113.0
108457.0
168075.0
30779.0
67171.0
50738.0
197096.0
83441.0
147504.0
76541.0
29089.0
12246.0
161835.0
51725.0
84965.0
126761.0
94759.0
41698.0
124505.0
47235.0
154297.0
14970.0
98420.0
181506.0
59854.0
64733.0
103658.0
37390.0
43092.0
82943.0
100028.0
98847.0
155668.0
22240.0
163226.0
117912.0
58887.0
58964.0
115490.0
170388.0
39051.0
80583.0
92875.0
159906.0
165519.0
131239.0
45093.0
130995.0
123242.0
149242.0
101128.0
59280.0
102611.0
122308.0
89595.0
146704.0
54157.0
111566.0
59642.0
92101.0
47023.0
192273.0
110878.0
102445.0
108403.0
39992.0
83818.0
82512.0
145095.0
64096.0
65843.0
84979.0
78342.0
45923.0
28151.0
56237.0
122244.0
70730.0
141369.0
