935513
903320
677748
878552
871480
965457
714549
869058
833852
863498
808479
906243
986262
668082
750990
955548
801249
818799
954987
768725
983930
776182
962726
713388
793147
884174
936775
964064
811155
786056
955550
883982
953271
729920
575340
939340
922655
940730
844670
723701
928380
872039
858292
672196
817732
985076
941457
975182
984638
932559
820890
722648
810443
926156
718696
975191
960252
955325
954696
688320
936474
894812
889978
872603
624856
993763
920191
822473
800258
907930
932179
970708
758416
839402
860039
951654
979224
839595
977122
856855
856025
776175
856773
854201
890214
973630
700451
742046
992845
862873
974025
717399
894236
882659
953528
903435
932373
940481
811535
858734
