22173
53763
14600
25452
67728
13143
11998
238264
22573
83368
31453
31302
92015
51457
49063
19558
70131
22762
22879
41887
38266
5460
44392
13899
85806
7763
28982
22551
78489
26497
57411
30452
27039
40716
13819
116416
25474
24148
28490
14763
57975
16097
47202
10243
20256
68922
44288
37693
22987
34570
8403
20091
11568
64902
28139
16592
49963
38347
8755
5260
13059
25080
68686
30152
27065
5967
100830
69642
54681
24529
6208
8655
30297
79761
21788
35168
96032
17382
31384
12465
4166
135751
37927
9392
8995
26009
9039
19897
22114
19670
40902
13619
48390
35293
12309
71156
39536
99655
10320
17726
15135
33941
4290
53880
18541
16670
16123
28644
9418
33928
44470
28388
15095
39710
13562
19432
15074
1954
32757
34794
41991
27626
26117
6258
57130
5622
3240
32448
20861
7165
97283
57852
12249
12347
73679
77560
3051
11263
8311
26584
56797
81374
7121
93097
34908
21250
29793
45016
26625
66241
52390
9707
43513
19094
33658
38999
54800
48621
16047
49482
38720
27981
25750
18791
29634
21059
97851
56797
67790
37884
119532
21217
58778
10130
3287
65511
19956
77505
21149
25884
58909
17432
39664
26767
26158
25705
83059
71471
9725
28802
29224
9708
35102
68711
8358
41561
38141
13381
52533
54251
4065
26961
8200
15088
32532
7912
6255
596
13657
3109
4557
58217
32156
10452
30476
3229
117702
62322
1725
18160
50290
16932
35561
91032
32955
9540
51608
19132
25888
33632
70812
98492
22535
15858
24211
63085
17763
9769
32062
9663
63691
9404
53351
25129
17687
12025
6152
12416
13271
2467
3447
15219
19995
50162
1192
52493
135041
17988
93726
33743
8823
19936
51192
54826
7502
120195
2941
79528
80179
84059
13341
68130
27126
20939
25713
12336
78280
43150
12998
49277
40518
21382
4432
46807
16634
64111
10961
61385
27165
16704
73662
10933
150714
66881
78469
18675
31798
21129
21124
9879
31348
12563
19427
16492
17627
17136
49481
63952
79305
10224
54220
63457
26372
8076
111974
13506
29041
16456
39160
49649
54558
6814
15595
24149
16894
59247
44196
2102
1641
19737
18191
125048
21298
18594
14255
47584
5273
41460
23228
19054
19945
5761
17892
40088
40458
59269
16273
25118
12406
45045
19701
35833
31753
16243
34442
55538
130224
26837
19996
22828
2913
30924
5732
81087
11550
58927
41415
6012
22698
13118
64274
74342
80375
18930
68397
70292
6043
20825
62846
26751
19085
13794
38889
12797
48690
18796
30733
46867
3943
28090
43652
49274
60634
30112
67866
25224
3587
66597
27838
27765
31724
42760
25370
10707
6332
25394
65669
23275
7535
17144
41932
61569
54974
90966
21277
9294
24371
29421
48504
126754
92688
72599
15780
3945
47719
11336
57074
15373
96656
2815
28927
14157
11726
11271
18164
84272
10045
68797
6425
77524
4075
6691
21894
98204
40089
60878
36641
6700
115758
24144
38492
33010
60979
9465
32723
4349
24746
10601
52798
25230
63046
18666
48868
29684
8138
25182
1361
35835
27656
2158
65587
72069
5467
16448
39574
59646
11400
42907
5280
133227
64623
23189
31613
76467
39025
36278
5980
85935
10773
28026
29479
48455
81942
7838
121120
57463
6068
62969
6189
29688
30666
19927
22324
38561
56325
4002
3381
37190
1791
48478
48845
60764
32768
40872
1046
74964
90596
10367
14732
69183
2467
44827
40870
55861
16601
28422
77499
2159
11386
11271
11381
3000
29677
76747
10138
29276
16938
7605
7292
36641
29209
38379
35127
61819
21132
27341
23460
20294
122415
71080
72970
42755
34271
21508
32807
38031
34824
57488
100528
52910
48202
25368
43054
24998
11942
34220
65408
32427
7048
12939
13320
34315
12486
15164
47924
16436
21438
23008
44767
40949
23391
41414
29466
21685
121449
33467
39533
34995
46525
65534
128094
69593
63246
15162
115605
15287
10002
80003
54890
53221
107519
153124
64358
17059
103796
79276
38825
10421
74127
76582
60670
97028
63496
20117
12880
25496
72911
24890
9654
42839
78394
41484
14943
82707
66066
26554
13506
10339
15040
66913
28411
60328
16403
26132
33795
3302
62369
22222
132094
122963
18674
17768
24202
6167
14625
24071
46396
57140
5497
69187
2756
36969
29793
42876
33456
34426
25515
31979
12942
12291
116674
46089
8047
18806
20290
35862
1282
25520
13830
56019
23078
42456
12433
94461
43615
4907
8855
9354
3905
23575
6125
8990
24569
35231
98721
29830
29899
18893
33364
3977
35423
9941
8851
36269
18585
36146
83613
11693
60679
67747
68201
45452
5192
17094
135983
13731
4926
29569
21828
11671
27451
154263
35087
77148
7435
5305
26803
8288
7397
29905
11589
16288
6190
32481
21272
6918
37968
63516
34158
7857
35402
13746
24262
42802
1918
27191
19107
45270
10151
43372
9063
77171
49121
23625
49938
14774
36517
61653
84538
9333
21543
6604
113553
56641
71230
26881
64574
47601
65030
25665
31720
7725
22098
30453
11924
8795
39380
32350
27602
7413
8971
54558
10852
5920
27796
67025
50870
16656
123552
15121
60968
24246
27886
41535
47744
105842
10589
17063
30123
16837
13972
23900
51080
62601
3768
34141
27736
24489
69917
64240
16130
43296
13341
80763
19638
89110
6004
69087
26490
82430
19791
32799
29935
15629
64648
14964
103465
17702
14600
4392
114098
8069
21587
71972
2053
59947
59530
33653
56912
44488
34515
14412
71372
30175
60917
17764
36623
10911
14314
33691
85122
17197
30992
15588
45622
75827
42675
107292
83687
24142
112011
44540
41397
9342
10440
8910
63492
103228
13288
43892
44314
44474
19310
18500
41856
11546
9364
72518
50632
1817
17019
64331
37965
13114
17969
74647
39859
12733
53641
19435
26868
38927
80787
6964
109971
35487
73077
8821
41930
29341
37720
8007
68764
87071
33662
21216
54950
25299
19541
22502
11713
21541
37074
33065
8477
18608
48936
42473
48684
23454
14597
44293
38637
28298
2506
21604
31662
49561
14588
93834
25068
5101
16210
10399
29894
23775
43232
30660
7971
83220
50511
19291
67785
66409
25357
61662
26849
38441
84177
19859
23495
136849
94406
56805
18726
60411
22787
9507
55608
109246
97269
59161
41631
15235
50517
80682
58693
31370
37700
33666
37630
10681
36455
89787
26306
17461
94455
102812
12783
22493
22606
70780
11958
42650
46879
17529
22011
32003
11081
8479
8592
12523
8430
2729
61879
23804
15208
43822
46430
44362
4195
6364
9857
56824
17464
75677
42144
23001
16360
30325
40148
6687
29058
49997
5436
63953
98916
33363
41329
71920
53177
24780
13098
76604
27827
23200
40359
71123
21839
48995
38925
22724
85146
5851
12278
48935
38088
99009
22652
107486
82240
109952
9871
5751
46983
5010
15398
39469
89218
8617
73673
37339
8761
33416
5979
5246
31349
72946
62486
98102
23887
18565
1566
5296
19807
4899
35417
95463
15766
20066
3686
79712
44369
64198
22147
4400
25443
36720
16279
12900
24898
139815
4582
45596
101761
23569
10264
32490
130474
6559
27138
9166
1374
52422
27967
21978
38865
19234
11059
39828
102533
30971
107075
15115
42343
2170
67310
52022
46353
93073
14475
31597
70551
70092
45921
45527
75448
34311
14741
13195
53546
28410
4957
130521
55750
51909
63131
17985
47272
35226
59634
22881
45802
6995
17614
72037
11446
23783
28194
36834
10114
5057
69245
39644
43675
39494
75155
76311
19059
22897
43124
3818
26179
26879
56509
52798
15135
90445
31874
19401
47498
12422
35696
73194
10541
90720
34252
22956
3015
4597
55320
49074
10807
8874
64401
9414
11934
63863
33361
16059
9207
60694
29434
17311
3237
37440
47986
28545
8974
33178
37540
41135
37730
10912
6317
7988
23534
65548
60564
26158
12484
6688
24164
42806
17592
77354
33427
32132
30990
4590
30485
41649
24094
85567
56282
5649
106637
30330
17278
7254
30978
31879
57902
8410
53855
126331
14926
45061
123795
14985
20685
31753
7607
45492
2681
46832
61528
5081
10376
2082
43991
126572
10514
7612
27529
57867
25998
59524
38988
28736
26042
44809
69906
67227
18727
57279
22728
10121
20996
12566
30754
12298
153078
77792
24327
9529
34051
13513
24925
45991
50251
16034
35511
29899
33586
32557
19263
112714
153083
20151
34611
11883
5178
41088
18035
16093
8020
7455
69004
18843
7859
56916
59321
7726
30494
10546
7538
6848
86755
32917
23406
7511
21099
42586
24500
116520
75736
14786
8878
3665
10403
3469
22425
91979
24181
16191
58752
28090
25785
1225
36203
109338
27594
89393
72154
92014
34612
73196
19047
7507
67947
67001
116316
5137
93250
74351
61981
13569
1370
13161
54790
17623
5615
13983
34034
95662
11873
24336
121612
17007
8761
44683
37637
31211
37423
147048
69311
45507
12409
132500
64936
11892
99865
15796
50949
19826
57655
7573
6219
33774
7505
59837
26497
99461
6899
33919
21261
18094
29378
21224
38188
58880
25188
21203
143665
19977
34962
43115
6353
17395
35316
54855
49443
88837
41295
63268
45957
44839
36284
39562
41702
41011
115353
35242
68402
20749
70409
79546
38698
15316
6759
62649
16532
23894
16333
74950
14426
34506
34386
1774
24729
15202
4679
83382
10484
8817
17258
32401
48943
97414
63820
22826
84967
19034
43517
8389
29126
42880
15554
4633
9681
55765
97285
44740
59620
6120
77002
19081
6911
90095
12507
902
84630
4509
14425
36549
28948
43775
11835
43972
5970
45832
93092
10858
22466
20004
75419
29553
57731
37133
37428
14242
74307
54653
4080
66040
40612
27153
69261
85874
91363
75259
95322
24031
14760
29418
11773
136755
106780
48144
86567
25093
9479
20583
30939
70366
49158
85362
30657
155542
28738
20328
58393
3541
32898
23204
5653
104772
3434
26169
4179
11374
28310
1911
85242
35312
59196
24957
12073
50739
21924
11895
19106
32157
30568
8934
102177
12184
76532
63509
5013
14551
9944
53133
9071
39123
9071
25530
82597
10239
16052
30832
7817
46696
28675
116474
30891
13009
7528
24887
18556
45974
53272
50277
6236
62745
51969
59216
2722
93974
19876
53309
59869
26404
51136
25393
53002
3803
25612
11871
580
57418
50777
33808
12158
11033
21267
103739
49967
6944
93015
40156
106292
48042
42935
2436
12499
73735
4100
22114
20524
17685
13099
5448
3224
143813
19543
33374
52777
42623
16978
33897
20719
40918
20037
10618
38566
6924
24577
23910
10916
14150
62796
55040
80106
58631
9717
12225
89388
16082
5989
43325
14559
20405
4436
68733
22039
25732
15262
34829
54669
33628
6059
72332
37851
5606
38147
1468
77630
10720
44179
22824
69108
14168
60307
21590
18865
27078
32556
18108
3529
3942
22413
32939
81260
45386
11690
24194
32562
14556
30836
14472
77446
3241
48007
159928
42348
120038
21649
19902
68789
35141
12916
5073
15345
22265
46097
77112
6500
26278
13439
106233
10233
70737
37732
47844
20665
5425
47257
91148
32269
43329
2982
98614
28620
26793
45522
28424
27706
112388
2202
31833
61327
20983
5207
12694
15898
29956
80259
58499
34159
46921
83431
16146
129251
16249
30671
58756
36138
15988
25933
4021
10270
18999
27928
11507
63150
72408
58644
55916
26433
17160
35596
25273
10793
42734
81452
6233
58719
20870
42685
14861
146616
23412
23865
35015
44773
30144
13099
170578
6302
10180
35303
3644
17037
36036
26108
6901
61834
12958
64469
3325
27971
15363
12328
118392
8133
22221
5381
82938
17259
62330
88177
26654
73630
13232
50092
35018
51651
13522
122226
11807
160459
11509
41912
69157
22565
40287
29853
77809
80889
19538
52365
46361
25213
8912
11865
6599
9288
15746
8264
124084
86146
99599
111874
10357
36103
12052
35197
19233
50074
26028
34432
72400
10305
62933
10899
24211
36674
10668
7917
9509
81532
62020
129144
51549
139164
67902
66088
18253
8176
24113
26904
73039
71754
3343
29549
30037
96644
61922
15663
29592
3240
8497
37317
25134
17161
43194
25178
101237
23317
60795
11919
13214
1642
101863
41731
62115
81440
6298
22321
3986
99677
26821
24980
35587
29709
24465
88541
111568
115236
84174
24023
55611
24075
63575
130380
33843
19799
12694
56815
61821
120475
31936
57173
39371
21492
33239
67247
53529
68324
54212
26660
42576
15968
13485
30129
55634
65613
24319
19845
21078
68711
13833
19713
36573
80973
36427
51798
23722
78906
21961
10497
17406
30021
27596
27570
83002
73157
37456
52832
3579
111360
9335
5698
10821
57554
51219
10433
107021
18911
29021
40909
35204
9738
41390
30750
67879
14408
58581
5988
1115
36059
43904
8049
8936
88498
83437
2334
14320
81929
23331
16155
31642
82101
36539
46512
18487
18050
10575
12291
80259
35402
30399
6330
52713
23047
23583
30701
47297
46548
15337
14644
36705
56760
44247
10846
108756
45922
21240
44609
133461
32862
29909
37021
25206
6588
11344
47292
27009
18542
55199
36629
8339
30248
17721
21013
35832
46899
45080
63058
2887
23058
101580
14409
54042
76259
121489
20142
36613
8196
14610
153544
7215
97606
33693
9805
96201
24441
10691
47675
3684
71646
53311
4832
28245
5148
15777
24797
39736
95974
97377
65391
47224
94565
16089
72064
76180
19816
28404
36401
106910
74785
10440
7081
34988
16043
52479
40565
23818
3500
19254
44500
5044
21090
42156
52691
54004
41536
8770
43081
61932
78977
67125
37975
38117
19180
17347
52166
9881
141281
61518
36767
93030
69240
43689
50672
14808
23295
15710
5068
34291
79841
50043
6874
75897
63630
9845
20736
13057
96570
17689
28727
20337
3028
67306
4828
50016
90299
23296
11942
120530
22766
34598
6586
15153
42602
99929
17807
15335
55790
28135
13809
15560
56917
4241
20680
26892
19334
20140
41098
15322
35150
32997
8586
35893
31001
32146
34083
70938
16099
69057
11674
88224
10961
65243
71031
13838
21807
61786
10176
33518
5434
42567
1255
40153
53594
4490
46353
27219
75313
5658
28205
39664
17087
73351
10421
7566
48256
13253
46796
12692
128917
33700
63039
31930
3745
15219
3192
1874
18260
41317
51423
7341
14032
30396
25185
106541
67331
50198
11238
4843
20909
10714
36902
32690
7926
68740
82564
22090
23413
39971
62701
51765
11011
7823
3022
44161
91182
57164
39623
9526
69615
43894
37936
14896
40098
84441
9265
64733
45925
24648
28928
76728
16757
103621
110795
15134
11489
23553
58648
46468
103499
79476
43688
28026
37300
73963
8504
105202
52644
81250
27038
74449
65198
29327
17284
7623
24521
11633
11484
15865
27758
20269
23437
46165
23409
16322
18276
166382
69794
65097
14161
2843
20207
14086
15374
138031
26052
36414
7885
84185
9439
12991
31200
13457
50548
9043
13029
71192
49354
40950
17662
15298
5257
6441
83598
47991
21138
8004
87882
76605
19057
77789
45295
4928
41147
5604
41675
97435
73233
124414
59984
31338
9305
23186
60436
13415
54095
1248
91650
64064
142268
8008
128650
30935
90936
96181
87104
5751
26503
7596
46873
50207
39824
40562
73810
15859
56408
37522
16441
8321
15678
31688
29488
11717
44723
46834
79051
13503
11079
124799
15974
60301
4864
4334
25468
5428
32284
106282
21519
22815
19443
19688
77096
91821
53304
48017
32922
18106
7522
21545
53536
8297
28019
18418
11261
12649
92517
173312
98175
80349
29868
66595
22315
58269
27254
35326
113970
18991
6783
32244
25817
28973
16880
46679
57735
10901
53450
53967
30151
66664
126503
9689
2511
90845
7919
30034
25976
22667
9189
85726
9131
14315
50006
4279
43800
30209
18428
24041
73557
44886
98704
27027
41525
6654
4136
19280
42285
15546
32567
8705
31137
68343
20941
48822
33791
88903
130346
10653
44699
21806
104485
26140
28881
52441
34098
16809
15476
12802
24814
5573
23321
20723
4615
122989
70273
53029
9524
57246
17077
50770
55190
31629
36392
46963
15772
19661
81360
6064
3651
51249
17408
47202
124328
29502
119890
34401
26673
46259
100839
58101
9316
112141
19495
8762
119799
38174
43844
3221
42843
10704
24790
98508
31908
32645
27749
68612
8196
28211
29395
96426
42732
90808
38720
44784
7924
79857
107333
37260
55494
19579
91136
37745
23166
8746
9088
20773
77335
64827
79554
53542
32692
17142
5066
14915
96450
54022
19996
41806
35216
15030
10798
18815
69715
15480
10340
13103
43880
4181
46428
79749
33953
51031
16751
37482
13310
48203
53023
71907
1842
63494
41219
61171
33464
94552
58470
23196
117081
60809
16556
76355
6800
39954
35020
19313
25141
18631
3121
30262
40355
6839
36276
39767
58667
49415
23432
20844
22689
8596
8989
113385
13040
32223
27564
62794
111844
17636
63760
71318
40809
21846
9887
70714
63462
11320
21484
8644
21246
98539
21955
41418
67100
58420
11604
26876
21305
79150
64609
58527
32038
29941
3396
69938
26744
34897
39800
38822
12111
5681
32984
9998
61332
26639
39752
103935
34333
25230
11471
16716
55477
72222
82922
23564
87226
13567
50761
63079
46039
34190
10164
70473
92204
24350
1041
35259
27475
1315
24790
5306
6843
4332
10090
9114
35186
26690
60960
78013
73782
56813
24598
28598
4498
32438
70297
64684
26829
16343
22256
33137
53894
59573
60068
41509
47691
21334
69947
57916
61839
13856
90229
24501
10408
53930
7400
98159
86399
21907
30658
140199
11867
26000
127428
70434
62906
24752
10179
23658
24316
11646
12659
31308
7597
10790
8828
23053
32011
13727
36572
46670
27851
13427
55688
4903
72983
10721
36139
34232
127904
13435
123173
16725
50675
27377
21194
4859
38983
31470
7872
61043
9879
26608
30145
21702
73379
16504
26308
33144
90280
15810
25312
11304
19202
57482
83636
22549
61697
87813
39367
25723
7156
7368
36514
14241
40802
129
48808
25935
52568
629
2392
54105
46051
40246
59963
59792
38833
8138
102003
19533
61198
50282
8588
105133
36966
60124
17665
11038
48383
54445
35509
27381
13502
42307
49283
55060
29593
106211
10436
30897
20756
27046
4041
23869
46983
21175
17768
43616
17873
68423
71353
68459
4328
27934
12278
73400
623
56385
13083
6242
39767
33696
20771
64256
18610
61262
13514
26278
43969
12344
20570
69903
50130
3515
46836
9609
25414
12857
64724
44758
11034
34549
15471
87125
12199
35289
13971
14356
21431
75299
34001
6373
19369
25138
41669
5887
14301
38072
64241
2418
11463
21202
36685
45176
107589
15584
68394
96469
9991
116262
52141
99058
62174
16820
20757
50824
56058
35210
66308
8741
35231
25382
64908
76302
29362
8246
29579
39364
4623
3813
88375
105222
7555
55484
39846
36254
18037
56471
38359
24631
24232
14007
37527
28861
83343
50072
32280
54142
68843
17199
168992
36430
15190
51389
15548
14644
24707
14896
31340
19280
24756
11332
11136
1454
25943
35569
38629
138393
30112
26790
20924
39904
77791
3270
26028
74925
27589
10231
29171
32852
9792
84569
13574
72137
48785
81900
34172
12789
17070
12283
33764
8118
46716
2747
52139
84857
20258
90230
12155
22399
28985
35090
2713
76417
46718
26462
107788
14630
8955
13803
12336
12269
76535
31945
11713
117080
60208
62849
29125
30466
36912
6223
33717
26609
71790
14910
49069
21743
69555
28511
37826
19954
10226
4060
3929
12569
55120
33238
20508
33853
2020
6084
131831
1758
27869
6129
61271
35894
22060
12415
29705
15199
26554
74031
54370
5387
51224
26207
7852
20014
43201
27868
71165
23132
44746
15391
81482
68268
110754
22130
25057
67737
6929
13345
68408
18054
21384
5287
41147
955
6436
78124
66762
67826
47332
77693
12726
21215
24859
57905
61853
52578
33156
135695
15329
12159
13629
16477
22625
13585
69087
53174
72048
28123
23568
15858
38778
2323
34304
20779
38647
4997
26492
4618
50396
9573
42203
29411
51268
17206
8168
38776
27401
22242
4940
3371
25098
3819
116538
14572
27727
24163
92772
14960
89426
15088
108900
33032
11134
15609
52878
19248
39231
20467
13339
78856
101063
11753
8416
8960
73655
23170
12660
15249
7315
13167
58560
94190
16619
11572
62061
53343
57467
5061
56417
21371
3864
19197
4598
98114
52795
39586
25300
5266
36663
15509
8614
61752
9666
26079
14280
46148
74277
18043
82254
109238
67935
46612
1193
122743
24913
4131
64021
15162
53965
28339
5655
8949
44143
23097
7005
33667
36927
23355
22674
62362
30761
16834
12640
41765
27959
43067
11524
120323
19881
20724
44008
13752
25852
44191
71318
32558
16493
10253
3029
25184
113465
56270
66591
52444
31678
9386
71266
18499
3898
8625
10179
5959
136505
4004
86598
17450
5248
7848
3019
29391
53701
12126
50587
57316
51267
7231
69478
15363
20470
28489
35419
85080
8840
6452
80552
10852
30582
28517
19544
50798
12692
64406
30907
41440
56201
12705
8059
65038
12916
20965
27756
20416
6394
21862
28868
29278
90384
12530
103782
22701
14718
34208
40514
90126
71636
45301
80432
10442
25041
29980
74084
5574
32217
19305
27779
8894
48310
7590
8395
52019
12441
7673
10651
62848
11393
20433
41700
13922
13388
37556
14721
28667
53598
106070
61988
50378
5507
7517
58347
7428
72068
12287
37965
59926
16438
75771
3562
44299
5101
3788
17803
32950
24729
10171
85038
74252
58838
68693
36501
37643
8753
20840
59514
6254
101528
87322
51842
5274
26908
8881
19871
9549
51240
77850
69096
40872
11871
52006
4105
24257
74642
8308
20251
27900
32870
8437
33949
44239
83035
13827
105073
21041
31530
24170
87842
19748
21068
26829
8339
72589
31288
21662
15661
38585
5983
88727
50242
103433
22342
14883
27376
5946
7961
142447
5773
65863
45792
8396
15629
10686
41981
43506
37081
15830
25715
42431
78078
24059
66400
97144
40742
16413
5645
126392
30559
3404
41595
35857
56662
138168
52860
47595
18300
3715
25720
17129
21965
37389
38021
14980
20785
48374
24376
23167
65181
125434
10228
60934
7831
58973
10784
28478
58646
16394
24278
3278
59446
26165
13264
53038
44039
69588
80562
25612
52265
38187
33721
54407
92307
79713
6232
21367
37467
23711
23599
79621
4812
60996
53397
35732
56394
20883
50954
23800
26829
41091
86255
5604
70049
64045
13794
16059
57873
20242
13219
54345
6525
35992
65719
10723
1417
48052
20545
18089
38192
2407
52392
97643
55316
4163
21100
7584
49721
51164
81033
105270
4795
49214
57324
18523
78888
30129
49749
22190
19111
8800
80413
52071
24107
35060
14308
39833
53722
10824
45361
67840
26786
4204
63137
39963
15519
54652
14252
76157
26412
5631
40213
50030
47719
90178
24749
15946
18615
46901
67070
5388
37980
30378
30453
47137
23159
54368
17426
12352
25791
21026
25911
34305
2829
9212
11368
53616
100581
30487
83424
23815
23621
68178
70580
31959
22531
25780
15565
45220
8654
29436
19884
30902
60570
108623
23257
25073
4521
35164
60100
62397
50783
15856
13088
2077
23191
25703
22099
13481
122388
34637
48943
59794
29836
117529
3854
69111
24216
14026
3170
2175
20932
46315
56750
11486
15743
2984
145490
23954
39014
32046
84880
70445
79288
21779
113083
7177
30038
10925
15618
17101
41684
11394
82280
63651
29281
31479
56286
24026
6918
77856
2431
23765
8476
56531
19192
59862
10341
122417
90167
40471
18274
48097
78783
31397
32839
13456
49255
69034
22272
26379
36180
12326
76911
61627
38550
12500
42960
29274
37566
61356
16239
90576
11284
44723
70154
6873
132879
8788
55021
16087
98306
77948
8002
26631
14812
1111
28279
8831
10792
27514
3863
60249
8216
12090
5015
9415
25223
46314
19148
42020
115176
96166
16983
74041
11666
116341
66424
39686
31013
76907
149644
7078
24696
10104
88305
80319
35689
13119
65690
6505
52911
25421
7870
84872
6488
10010
63927
69382
13033
21092
16396
71583
43290
108379
2163
6585
74418
14455
31581
26878
20246
40760
77830
59321
26397
37163
49442
5410
51691
37253
21275
89452
17776
64194
14401
8244
4222
91077
7955
13284
50683
16652
4109
31872
15605
133436
62428
18178
22438
23977
46691
10249
15546
19349
61221
151532
87390
9928
52480
85222
25861
52190
11470
3021
5790
8536
71114
26930
23320
23302
8823
21394
27235
18354
60708
39028
41736
35118
37282
99826
11911
51116
5741
33884
44701
14670
19838
43932
22326
93679
65678
41685
8817
46161
16780
8240
75394
65642
10816
9287
14127
36457
12943
71517
134093
132839
9811
13927
34368
61501
9159
3981
16760
11107
14139
21679
60567
32912
28651
50689
10432
13525
6858
5315
35592
7276
24138
30039
22539
2015
1664
16753
13318
93999
18803
22272
29832
56481
16831
126379
19882
130508
2362
20236
23885
21030
25053
978
77685
5273
61307
45502
20440
25925
28869
65484
21233
46855
18235
29141
62382
48176
6696
72994
15445
14754
36058
16492
105647
57280
46921
24039
7720
22357
32636
31042
11734
36258
119147
66220
83022
43284
9053
9594
22835
26035
30426
27264
148429
91852
15743
56460
22933
61096
15621
7514
16676
117591
28207
4855
48553
44908
9688
16709
28033
26389
25025
6496
85315
52006
37566
14671
20604
35989
24858
70856
22862
41415
27565
92297
39034
4422
36905
8971
68674
57990
40921
73376
62810
19014
18652
64132
9647
10401
10628
17914
10313
35843
9522
13632
12233
73931
29615
30280
6121
21779
39845
34596
64939
47161
66349
20894
115949
80297
24504
65551
68929
75376
22752
49315
875
31797
47035
26812
75915
42596
16550
15335
63317
19367
54532
9460
7148
2479
37823
13569
23429
51927
17728
4930
4807
3562
14935
11980
25921
11232
13040
9659
15273
24348
46636
31307
52301
42116
50602
31358
89885
7151
49614
27164
29906
39074
62380
36877
15511
11787
23135
83868
5098
49323
58249
65757
15452
38436
49044
139761
38299
80645
29756
10264
70144
14542
40556
16830
19374
76737
17400
8666
133353
5353
65784
10700
29737
6223
13261
7852
29050
14232
23242
85057
16888
101145
26882
3748
17624
10995
34893
45932
70939
51607
25140
5733
45981
8780
60848
10383
12859
36751
9359
20132
56272
25019
36030
24105
124811
16058
9130
37531
59023
50942
25647
12095
3950
6648
5588
32424
11270
114261
24009
43606
44380
31712
26829
12986
6957
44979
29204
29795
44655
5559
23185
3494
22149
22747
15340
16381
6811
30292
126062
50357
22306
34953
50435
64591
4843
23021
9655
51889
45054
18741
8445
1503
29266
23732
27519
23554
115721
100882
67175
34795
35652
82731
23367
8118
39780
66511
93801
12343
15211
7886
57264
25806
25492
19833
121830
12509
144066
70827
92443
69743
60424
48480
41266
41994
67627
18715
7808
20247
44307
29836
3044
69588
13611
25077
18527
18882
78799
26958
35126
136531
45980
78477
60410
29797
51949
34265
66964
4231
2956
6393
17702
137507
35742
62146
69403
76830
12235
41074
46424
10302
38735
37395
32222
20615
11353
10041
14576
90871
10626
137219
16602
19343
42723
59438
3393
19083
35018
32546
16657
61807
59111
11297
71922
38996
27967
17220
30876
5043
8482
6016
29875
33412
31338
12691
89668
2749
23560
100623
34455
21144
30652
108871
22095
5115
4993
55729
24952
77443
121597
12779
9391
6738
13488
10522
60932
15017
51898
1721
34463
33552
125929
8926
46733
15400
21016
44093
96643
10059
24552
63765
24015
20757
63041
9106
26889
10681
28734
39340
15184
100468
58364
7598
97046
34214
8484
2162
127473
9953
36033
12954
11976
9743
15605
17029
12419
94270
20124
7641
24342
14650
47266
55134
46534
39134
90124
11938
27043
52237
33149
34630
16899
14490
5940
7958
40697
20939
12226
96194
112627
118524
30064
36243
24457
16646
33881
83372
48889
73992
76157
20548
10545
3061
15211
7165
23309
12458
153324
8674
8246
6193
17465
39769
34359
9258
15536
69066
57666
54483
25575
11469
52491
26084
14841
84766
20299
69251
10727
27441
19488
37385
5057
10828
24526
20576
51129
14985
100029
2333
14491
41931
7534
30326
32838
75039
5317
46236
8626
105119
42426
14709
18164
160129
32020
21765
37763
15344
17263
41674
92766
54836
54237
45949
70762
38141
27310
24209
86310
2083
64544
13453
84972
48623
40822
49602
12493
10265
74641
32141
43602
59059
8500
14348
17295
28476
29497
45910
35900
11229
27336
6860
65485
47341
52283
2115
107657
17575
46235
12550
16748
11288
17359
89053
59484
41635
148690
42729
77365
38892
32285
38462
34540
10137
63467
17184
20476
18351
50399
26594
4883
43619
52018
8486
119589
57809
12648
52493
26188
116235
25618
106261
11732
11932
68685
77836
124249
30759
25400
26497
59859
8744
19759
74414
89337
62182
66998
35422
82073
28686
32582
58803
77956
37207
89236
41477
78729
18961
3887
24348
17568
40900
27621
19810
19777
13345
107721
8274
20762
10851
18286
43935
6439
24813
57013
22830
14575
19982
135215
61958
148853
24028
5773
40131
10370
61839
42193
8333
48285
118753
47438
6724
25187
19170
13233
38601
3231
2235
4454
15811
20488
65173
27636
7244
68175
12380
17789
63506
17249
114525
43706
16897
3116
7710
22714
40213
96929
43248
41732
77419
67491
97911
21627
18175
160288
14718
4677
18486
17383
38989
56156
20288
27348
8791
46423
92192
31737
30451
37634
96358
60267
9346
40290
11190
39523
8645
17343
63567
114410
19251
25840
32110
58420
18574
29632
15175
75496
10701
75563
4054
129240
9533
115480
80670
5361
6013
20368
48147
30010
78288
33336
10796
57171
55773
19370
42765
15837
19886
71508
41521
43696
41387
8009
89359
79763
4719
63561
22083
24547
5459
62061
80301
46651
95127
26618
47125
51266
54776
10815
29906
21958
17272
37309
98812
38409
35540
24028
25609
56005
114859
30304
83706
47627
5643
34765
59253
18981
71542
23148
10096
50141
86432
4494
59165
121362
19241
46330
43867
54996
22339
26755
20954
19889
5159
27669
37851
3269
34814
18593
116562
30829
90053
9130
12342
62397
47080
8067
9376
10573
47884
22068
55645
51169
82602
84507
24046
22638
28216
10989
12248
10389
7299
18429
9237
7441
13690
131020
60305
30216
34132
99202
66253
5526
90351
8707
72497
63728
3130
69639
22078
19257
2455
96008
18954
11726
114216
13152
5585
6680
5688
75555
61388
24423
1522
120060
14642
67874
4550
70822
143403
28238
16734
11510
21770
22585
14407
9515
2747
108731
16589
20230
59781
61575
8085
42245
95705
21682
22169
24751
8681
11794
11389
95665
13424
76965
20891
133795
29178
75736
90355
54253
29350
52264
6231
40473
62364
61293
66094
55198
3361
26317
70835
67865
32004
6226
67227
58951
12951
20773
14653
38150
112924
21624
39107
29834
17599
115149
22968
9871
50621
58175
7393
57151
17098
9699
74474
19484
59587
69902
42380
139966
5831
48475
29455
98781
14059
5651
2022
5968
49051
40276
4294
100479
20966
23052
47693
21631
46849
21586
68271
9255
39987
62995
16288
33763
34678
98314
42210
17420
32692
23557
32886
93031
25702
2966
40950
6850
30479
11134
10456
30550
37897
14411
31909
10230
19728
11608
3071
73158
24246
15832
13873
46513
64619
661
75194
19682
23377
16003
18004
13927
22698
11640
7486
23441
40411
11913
52145
28950
11934
46866
37544
65182
18108
14245
8981
39003
10416
77486
46223
16677
22408
32319
64239
17099
18830
28660
7890
23055
73004
41875
16961
78227
87110
70455
71085
4512
20357
4250
1905
83585
916
42506
66559
31722
13314
26160
41814
115590
68968
50309
5825
15978
40852
36295
64127
61447
47591
76534
61206
6081
32957
38887
23803
362
111364
46511
13040
15030
20890
69356
31110
14434
21832
9571
107528
21931
6071
15051
8093
8438
61047
51740
112925
30812
66024
18074
64121
29150
68642
43471
41538
152061
12161
29953
42395
30515
27876
13625
3364
14651
41672
5196
86930
7455
49577
3329
19705
74507
61180
1110
19406
37542
21097
97811
17071
11127
1901
56281
11995
14924
6974
30653
59591
18530
26706
27821
35258
32277
46895
19595
8381
16409
47078
71393
13957
37704
20296
39667
45380
11564
44272
23641
72474
21498
9156
83868
10467
76446
9746
11499
31296
32168
1335
24360
27955
14767
33259
23550
80884
62688
39450
34232
19507
96003
6958
4994
102995
27067
43834
73306
8243
66454
35055
25746
36798
116649
98222
18414
57775
41079
13130
30521
14147
6983
87584
7078
23689
39343
54649
31248
98200
13771
32453
26659
43265
33703
47718
48525
31407
13913
61481
44982
20007
47755
26531
151833
135444
33552
56030
13825
10790
18442
63722
83034
11082
101274
4465
9616
13414
20809
49976
47379
30583
57049
55308
20188
4049
35051
69037
23375
30647
2981
8871
84952
23460
31132
40093
39620
51867
19515
21252
9317
40441
68551
34347
43703
53534
71889
9159
89441
34507
41985
6414
15634
59607
48377
27388
2585
2883
58465
3166
61226
10211
9615
49501
16858
18431
17232
27671
17623
46049
13156
64356
4495
122600
46256
26483
13006
3838
87193
45812
3810
4361
12810
44662
80504
61337
68303
78848
28023
37344
8811
42378
36224
20524
14715
85036
76800
5822
62698
29078
2383
14505
2252
8400
32540
53742
23396
47636
47775
78175
55332
37352
5109
47568
60524
87058
38597
3560
22843
16824
23308
8037
12756
29976
9749
11690
65558
23406
47093
3493
43398
26379
66856
27308
29658
50497
39566
38171
8942
22429
67309
76661
2284
5217
15706
70760
56699
31327
102439
17121
22002
24421
27505
25909
24949
24090
36553
37557
30860
33584
6316
9986
7009
66863
74205
10115
11425
77265
5900
9701
38546
8736
10526
55999
65989
98599
106683
28360
50115
36543
14978
101813
63605
31092
9083
23932
12635
16919
21708
42652
9112
67424
20284
20717
23395
7540
28888
18953
11722
19895
18634
42051
25131
101358
11699
57219
43065
17731
131102
34313
12915
58899
9470
51383
69216
110418
51036
23275
47007
11902
13501
5139
8086
26080
3281
18845
42753
7507
12194
26661
66286
19073
34798
122170
124483
33499
67563
129076
15452
61852
91669
40093
21634
71335
98248
54301
26127
5599
51747
65345
28505
29422
14624
64509
24649
92903
8859
32816
28712
37131
72734
125618
7636
101783
51880
71692
32463
129269
35597
20185
18191
62486
12336
21966
20263
28125
66424
93320
25703
22249
18429
27563
2576
50824
30175
31786
53669
76636
23474
42261
98382
22607
10340
39663
40877
32441
23773
86226
12550
49621
85030
30373
32437
111061
16416
45590
3981
5478
31355
33725
45310
112345
30136
54582
68814
14429
66671
10933
79436
34454
20511
50327
13728
10136
97961
10587
2592
45717
15600
73862
114099
6400
17501
24394
40521
114252
10673
39166
17818
59749
76687
21279
61426
70639
30592
118004
75095
16634
14059
31766
3836
60985
34949
16032
11273
13669
50869
8808
14553
18793
18425
42851
134922
61327
25983
24411
120780
7910
114297
30547
33875
16253
19459
23753
28184
28645
84249
16124
103080
17242
23498
16733
20351
58665
6940
27441
23914
3547
74684
142624
28257
89456
9843
25046
15124
71735
95020
51980
14066
4874
108347
33477
6697
46364
22445
56769
3820
96483
19418
78815
26074
6898
24149
39121
35216
29973
41583
42122
9447
28346
142442
22372
31263
82522
84055
30271
13777
10419
6802
73985
10124
8487
81395
47963
43478
24994
38561
51785
36987
35693
10583
21413
7193
77113
94280
29483
8962
24314
92345
48022
21158
12774
19159
51168
60278
58194
52028
18476
27685
34070
41831
48958
48460
59447
16890
83267
11578
35722
8369
86790
10702
45228
12110
42245
41267
8541
2879
98283
92944
14528
27644
21388
87996
69272
5639
10973
28409
49894
21179
10514
92797
13462
93191
40833
35694
31876
20366
16861
62755
16834
21420
54655
52402
20361
2630
8353
4092
48751
70293
54976
12490
49162
68499
30042
20088
3910
40895
25033
10958
30559
35525
11601
40002
50500
7860
21953
44392
20229
6597
82461
12708
140261
79991
35
12235
14633
56240
24888
148611
9224
43320
37236
83610
7651
90123
34516
7244
101977
39771
38773
18862
39817
34634
14045
36142
47082
56677
103314
39035
46905
20298
55152
43725
8661
58335
134838
9028
27960
43117
20600
18413
20306
87847
43749
5373
35184
78673
1571
51217
5303
14163
29358
20013
129764
57946
4578
157060
12277
11737
105887
32714
32166
36372
61359
50589
19827
15319
22856
8790
30246
32291
42922
3886
29414
21280
11906
32091
25041
31155
94028
55989
19244
22434
38431
15859
48102
34569
26995
43730
15667
153360
15891
7419
13647
31399
13440
14547
16230
13547
4672
37011
42221
88235
43164
38399
38847
9260
4282
27181
12867
71102
31255
16283
146366
85115
10338
52743
41162
76482
124001
1426
27564
70472
9894
124052
56942
55337
13542
25889
11350
43485
57426
44080
40056
46679
32878
52549
37881
20713
15449
61984
35459
37341
41454
17522
85250
122486
92082
20785
83212
13877
87343
38823
78287
60107
82163
44608
11246
44822
30701
18345
16705
44673
13991
36627
45496
78372
42906
26075
17080
6590
67786
4951
12531
13675
55360
15230
68463
4452
13809
20634
137237
10186
15914
52308
62723
88466
18280
84111
30673
44752
12615
12992
49035
80169
4230
42806
93877
70632
67021
11081
28001
17482
13261
68967
12717
38435
12335
26826
47564
7525
23174
46594
124278
4488
20078
66185
31751
68622
17195
45158
49647
37801
7191
36575
20104
37669
20723
34548
43032
11657
54910
14426
92714
10690
16299
87983
75376
26685
6764
45545
18439
89359
15342
10953
43785
71371
74525
27378
27912
9724
48232
38907
20162
50078
66263
68508
41076
127133
32053
12936
135389
6500
23185
9656
21422
7590
18185
20863
4319
22539
115538
32187
67202
7343
10786
24058
14370
5981
22028
6294
80612
10851
9211
60455
44864
52004
7899
65857
66433
68019
19499
52944
28875
30679
14159
17175
97170
113692
34652
43259
20352
66146
39945
67197
40131
59476
18987
64213
102830
88014
14072
5472
24648
75129
23200
34181
59865
4452
48011
4403
36644
7641
34591
14967
8896
19013
55029
30629
2891
21701
83815
81731
59066
10873
11452
7876
27621
37887
19919
28535
12616
11607
21576
56176
14881
98553
6646
22185
82583
76666
10636
55436
10040
52985
62151
4935
75817
7583
112097
49979
26507
22675
8435
15758
33772
69563
11834
9235
42533
67701
16414
2287
39376
87955
31325
24125
29541
38523
18377
33277
3682
22082
30049
39591
9583
43274
2993
11426
61559
45238
4011
21036
10438
145477
62689
3768
11736
5698
15308
8150
19111
14550
92575
58751
51481
86008
11959
25286
37184
20153
5039
67775
10112
28098
37040
38692
35134
170572
44445
51057
7749
83893
38371
1493
22276
44689
83178
8613
66951
29664
25483
74537
23682
70911
8669
14750
63096
31061
30072
27874
27742
86884
8211
20278
29248
17564
81796
45361
21952
31010
70824
29558
18416
6149
14416
89461
46020
37845
26673
109576
24644
18412
52942
72220
33545
155369
11346
16481
47116
68711
43837
4796
74266
61006
20333
79620
25913
72611
34308
49081
50509
21970
67811
6689
104596
21894
4203
38997
10002
26093
39793
28030
12517
74957
13588
14570
11324
40937
56410
15068
17959
9085
19787
72076
38587
1311
74579
42099
52784
29417
71440
60618
64627
12007
2221
19514
51692
23142
5922
27978
30754
7168
18329
51551
17671
6269
20931
55860
68196
22621
76162
11363
13798
11868
20087
57851
22391
99441
13830
14476
24736
106965
44280
30886
73251
17889
8917
14670
4131
61638
41991
25693
23244
15478
23937
83910
91406
35427
57968
45323
32010
1972
14220
5901
16940
68970
53166
9060
49160
10534
13851
56688
33124
74519
26517
6399
57072
27762
5960
30697
12754
15728
64975
65723
14213
97354
78277
46535
116922
117024
12801
32352
971
4719
13179
17183
30244
31974
41856
60903
132153
12303
23914
25869
19197
27142
76789
15437
103663
58537
61610
110731
80676
19959
99779
62432
29725
69990
51421
21091
37035
29117
58856
30899
5231
31229
4422
18691
17182
97327
66904
28232
84828
25775
10014
37983
27128
50547
121950
69949
32521
73687
18690
21223
21762
7282
58883
61308
44562
60292
48358
39684
4936
52204
15169
6790
4065
6139
41999
107948
49296
22954
55683
96915
21881
7742
56459
3275
33589
13164
10670
47044
30983
5207
19568
46320
68101
20077
98965
87478
17698
28926
12278
4808
27384
10494
8988
23988
38845
57906
22710
8088
115377
15867
21012
29889
119775
42691
23159
9871
7265
11289
35992
57763
75288
53601
47061
36351
3219
22017
77694
65340
82369
8558
59554
18284
15696
8285
23930
16195
82203
9139
24098
95430
26885
36165
10503
96855
6597
104154
62068
16330
32704
80592
63745
59891
38875
9360
3991
66487
34877
39441
40067
28596
37534
16071
7648
44752
33901
12101
56088
110219
21198
48992
38277
14772
11535
117978
43749
35330
12506
27276
28488
18409
30756
5738
10247
34022
36434
58754
47237
3686
63779
57132
64933
9304
14825
32193
17033
99144
60745
43102
11561
23481
123854
9564
42132
38955
22841
78471
92722
55486
14440
80962
32768
34018
14400
28242
57599
58653
26195
86380
66138
41527
14563
15608
66304
35276
52378
73930
16358
63946
15690
67312
66402
82841
99614
39266
88864
38145
14397
13978
17815
6922
103576
70567
97382
3279
5106
25276
98622
70950
32686
32944
51971
69196
10717
36015
57517
10115
11958
39750
44165
99816
82825
46619
65018
34517
27835
75846
49676
9554
60329
34445
34778
66541
57873
61585
10769
52830
3714
64897
48105
18937
30209
49094
50360
17068
42979
101417
8783
13406
6989
33559
1970
22788
34778
29003
16266
65124
49790
77956
33337
37882
47472
41793
2256
1398
104829
44306
83065
25405
58760
22440
10344
23654
4249
7754
17822
77446
62867
91335
50098
28258
14429
30782
24533
5303
48539
31631
33330
53518
40937
30541
79032
44089
7896
15819
4012
21843
113378
25921
37828
162929
15077
34877
9157
130844
29997
60202
12728
26217
18874
42098
12711
19125
37883
49939
10974
104516
49821
7258
58173
42742
50579
15705
9980
29529
34870
74686
13502
33508
23850
1464
30851
28733
76228
15279
31580
23677
1586
77351
9228
21859
25046
40632
24792
10833
21065
53238
16580
19017
89843
20989
7061
12851
31924
123785
37355
127550
18571
54694
26959
9459
5726
84796
28329
35926
42249
5420
29377
24047
76721
19934
40695
30734
7835
42792
41453
15818
38020
18791
12624
6506
27692
32558
10196
31569
81611
34274
28354
10319
28630
15611
86428
28020
92237
15229
59482
45668
7242
15551
7054
11109
29644
58117
13042
6205
6437
23615
41170
24452
47580
38886
47180
32037
11504
5305
4059
75666
4833
33841
28689
23416
59634
5309
19982
64849
50912
5803
56779
47188
77468
65323
60795
21078
60648
39820
81656
9949
34580
9588
50250
1463
60092
18065
49587
167484
33675
11440
7384
29937
34351
95887
41913
15318
10250
8735
1506
122802
53787
76316
103325
26409
28577
12233
16853
37367
55307
35805
37612
99906
19839
54962
6804
13779
21829
43567
15049
33887
39704
16951
56121
141672
10979
13262
5177
25541
81906
10810
52768
53743
18175
7408
128080
12028
14645
11009
6751
7337
70140
38620
38041
12943
61353
12728
71658
28108
30535
21923
55599
16520
25656
12508
13038
26579
20986
15412
31538
51749
37213
49336
31827
36187
6325
72414
66167
54375
171782
40724
41330
15175
38991
27165
113492
32943
33332
43933
3299
16271
93929
135023
24444
46505
25979
214888
54630
120971
12811
123288
60881
64591
77860
31448
20551
52414
10852
20990
49287
28499
23491
115962
6161
18417
26103
35440
52511
43136
34557
23302
30595
8657
9488
4950
21489
42400
8944
107643
44078
22216
55354
29620
106744
101785
32783
18577
87482
35239
40996
10965
48016
26912
99102
5841
54593
29117
32928
26847
29597
11683
101016
45470
27110
21845
57878
40499
18965
55158
49917
56320
20547
37048
18305
41558
21197
11510
99504
56890
32187
19318
30009
27275
119755
41561
10181
12689
18262
28201
30587
49742
12846
11263
85471
37412
54378
87508
29728
78174
44970
16366
46456
9323
71335
1222
11156
43631
82161
18545
22699
55664
52117
15051
29353
11230
10504
41130
33850
22852
54930
26880
29328
65558
65787
77666
18342
12721
28696
16666
92319
6921
75730
36076
50152
25557
29122
63433
46276
9192
112143
5009
16295
47309
58803
10295
54668
52202
53250
32018
50966
49188
46110
31720
20630
10734
53849
12253
135947
6178
18712
15383
128763
94842
43477
17085
14446
65849
12530
23445
28121
28309
8543
15201
68980
9028
22995
35438
23964
12595
22997
45926
13486
72396
15519
64993
16910
47638
53715
39778
49723
57958
15420
198815
43467
19697
15478
64017
59147
16201
59959
14809
23982
55359
40956
5685
18429
18082
110329
37338
35909
11129
9808
38312
26070
52918
64832
73216
2334
76583
41052
38809
8630
23462
22713
5789
14584
8111
5370
17388
117595
15886
24879
11372
9055
3420
26945
19830
108818
17874
8784
72640
23601
82957
44776
2108
2305
10334
36712
35362
28538
64530
1098
9940
24718
43518
74412
54997
4311
69323
25139
31032
19536
11558
33601
32108
23032
27205
41426
35024
136192
51048
51435
52124
27509
50799
7565
5764
29586
58494
25191
114396
16612
23613
1505
59079
2941
54591
27032
18913
26019
17276
18710
13009
48801
8781
11149
13137
56664
56114
46286
13036
9100
66048
30300
134857
33019
105176
27168
39747
18014
29085
48861
14092
16608
44896
9464
3008
94512
33739
14345
25222
9131
4402
70775
104440
47177
18717
80140
18932
38941
56567
7343
9042
16913
45342
27247
35208
19936
3209
5575
11323
13086
59141
4602
81150
40336
14773
13091
78423
59528
68731
58222
27206
42848
8185
80790
44601
16041
72662
32926
3732
21684
5292
26676
65368
34481
11511
34929
25203
43989
53320
12170
38316
17175
29345
22617
78774
70101
4634
79592
33768
14219
34266
32119
5773
13071
36601
7890
32855
6992
1810
6061
27308
18167
89415
49560
15997
59009
15027
13445
8566
35749
44987
33769
7227
21584
10233
18605
138360
33966
23499
18449
75387
133508
5569
22771
41534
18419
8683
86658
21630
3085
35113
47442
5536
75338
10788
49959
97906
29192
92953
11343
32948
9584
11568
114380
4881
62544
124988
25727
17428
21615
84430
12975
44637
32894
27147
85818
28976
25670
52435
15267
7899
7538
8399
20967
14235
46452
137978
53813
137348
49361
36138
7598
9215
37199
88477
40487
47836
52088
38586
11442
38141
25611
109175
38250
84491
21706
77338
31707
8696
19566
53598
75063
53317
31534
13610
103655
13326
52990
29206
11089
24297
60538
21033
20989
32362
77761
13066
86359
56414
114314
14410
61096
58035
10888
35830
85847
51011
8858
89166
22629
60917
45236
84820
24443
20709
3393
34628
47237
23276
2976
23522
28752
53708
15758
45212
29413
150528
97075
73442
3787
6761
94038
88704
5697
63600
49381
31740
13196
18225
4177
14271
20283
26017
112848
26431
12153
19287
16161
66247
71323
51572
72120
12721
32355
50180
40735
72043
45372
21130
112480
47977
6902
72900
34897
5685
112414
134020
12763
127611
58736
14231
47874
44918
12238
6685
77458
18316
50241
10936
2342
88353
12851
5359
38525
24956
103830
4496
79407
38388
70419
13382
49241
50898
14484
26071
53567
19428
12836
22566
60068
41246
2384
10526
35757
9792
128990
12356
15927
40069
65087
38791
20131
17230
20014
54640
22640
12288
6584
33679
37707
7609
37124
11971
11588
15251
41815
39200
18542
72616
30797
26800
41696
33060
22658
62352
44365
23394
46936
38487
62360
27592
34900
109183
30538
19652
29370
55626
23612
18084
13948
16185
9551
28480
33422
85414
11837
65690
22533
23439
12096
25714
5058
16073
18972
60075
7309
11844
33065
21372
3197
59773
50742
65908
25982
53045
57366
60454
19404
41769
5481
60028
26662
17252
38436
77166
17229
8092
3231
14382
9949
8588
15701
47734
13826
207384
47877
35989
2510
5357
7491
12303
111456
11398
64662
33244
85907
54667
18283
5618
13805
84637
40984
55025
42084
52315
22447
15982
13428
97999
16035
72197
8893
3684
12376
12081
66128
21509
61837
95669
31701
6628
55834
35462
59562
9730
50149
13457
32882
30459
10233
51507
82823
87039
21384
23562
67922
80559
15982
20036
61927
31205
55097
47115
58556
15422
7533
34170
78962
18272
7382
15376
20697
11400
12261
10091
844
10503
80254
22317
84346
93866
26524
19450
45529
52281
54976
7245
17885
17127
4935
90999
18853
65885
8114
99600
9476
36348
71058
82492
8468
58076
18622
22806
5666
73611
28682
55581
16249
23657
11362
18638
43504
6582
50394
71640
25098
57210
25098
45590
56614
18755
58825
88993
109548
106864
2277
58602
56983
35602
13700
65747
34527
23436
97375
5669
12449
43313
36947
34675
33553
22439
82626
37313
48661
84741
26740
30258
67068
2339
21095
49277
109201
27764
20000
23740
5349
108948
26696
30469
31771
59767
24855
56327
51086
41585
57735
91131
58363
17178
8112
15950
36592
2184
6048
4477
33940
17109
26502
43511
15254
34682
15528
18223
35165
50773
84226
53766
107355
92732
5553
62553
11097
48868
28396
36861
26346
13872
54580
25096
24199
9088
34613
35387
56223
34679
8866
81339
6745
15337
66305
113729
74267
44617
40422
55321
29721
52753
33409
76530
3113
21790
44275
11912
20689
57970
6700
26323
205923
19116
66965
46657
57587
15993
50343
4764
23506
57481
25635
43298
56596
23054
81415
35653
96518
4594
32940
8849
2605
7028
26759
14730
11963
49561
77627
67168
34024
126068
12066
65476
5271
60451
54893
4355
99648
24472
4804
28478
59654
9031
33029
12134
24109
45554
55319
30853
20751
22424
42401
20564
29614
32603
6278
26379
5187
1804
39299
64982
63132
22475
21281
13167
69365
15124
14313
152879
87922
43228
34199
94895
19163
4810
7168
12082
20324
44176
50136
59270
24967
46981
148952
6942
70875
17426
22304
57310
14007
6265
33120
11324
26661
3493
23812
9431
60817
12536
9913
39717
15755
28916
39787
11186
32360
9638
48926
34684
51009
2775
98518
12953
23702
7050
36412
21224
17273
23009
23301
15933
31913
14821
78535
65054
22834
44338
122859
77925
39756
5327
16748
34708
85943
31512
46620
19203
49313
28880
22060
43017
24971
112406
80840
55901
53278
1315
54450
7893
6027
49818
12351
50867
13281
7417
18844
62491
15221
19650
69780
50767
48110
9787
59317
70763
71534
24270
38778
53501
70478
15350
58249
114404
68222
5333
16913
11726
18007
60140
29786
132540
36977
26885
29688
11644
13407
7967
19660
8498
9341
26783
70458
40301
68158
17297
15334
12952
9398
26285
40254
52027
9877
65840
81580
43322
24323
22632
6457
24005
5202
5014
29389
60367
84324
17636
25843
95576
24035
32637
11005
18335
17578
16276
15516
99533
87302
50639
72882
31572
47097
8141
55893
121651
17494
25403
6510
10985
28477
42693
24468
53068
20387
16139
8494
21115
90148
52547
33997
66017
23130
15171
72690
39134
14043
26231
15635
62634
48964
65377
5575
10046
14308
16634
8377
42654
122569
60231
139973
22016
17887
31715
38574
55814
6447
48151
17248
55991
22231
3804
2099
78637
8675
24258
9953
4850
16466
95236
17409
40437
108063
165005
65624
37778
10878
8013
2766
37744
67683
4693
10817
4532
18456
55967
16526
5708
69562
48112
59601
99475
19291
7665
42306
80679
80071
11807
31273
113325
14696
61450
15370
20384
45547
18503
5338
8098
6515
32651
52668
11767
14192
58710
58276
80404
42157
8491
61930
26388
41220
9769
18033
39219
75605
36880
65085
113891
15425
32435
28732
85108
29297
66742
75241
60697
61229
19123
5483
98230
10830
4565
48632
18812
38119
5974
15152
18408
34985
32506
91646
25366
2760
2553
34164
43019
79088
12071
8211
27378
48159
129498
71643
48646
4564
57095
64824
65570
3479
92053
35002
35253
123759
36645
49569
40030
65277
57122
70277
96094
25454
41285
65127
41362
26033
59196
37574
9850
39852
21001
81710
13586
146887
9485
20646
15740
32756
31459
40058
24300
24980
40304
70049
33984
70907
54333
10634
12924
31787
51738
55118
12194
32934
11553
23493
9950
62907
34625
115784
52075
13997
176657
16850
88583
11189
35919
76390
33806
32637
18861
58163
7146
5314
7256
25053
50557
80600
67480
21155
53585
34223
37309
23990
41554
47598
9020
11423
19830
79176
15379
132376
40217
24695
38288
62466
55466
87536
104661
29680
72982
57681
10163
2226
3070
17688
20493
35972
27424
3105
48260
12571
1243
33849
75154
78217
7246
45506
52866
33747
73454
18901
18654
6643
17431
57248
57817
49073
30570
12961
32078
49790
25537
4947
39956
25625
37690
26042
15036
4259
82156
53721
13915
35555
140235
30881
29998
84085
71030
29674
50536
10846
63165
2797
12182
48512
29920
48157
58956
6631
22597
9562
129635
3153
21821
2793
12871
34052
29589
46646
19071
74389
22248
141126
17397
7927
21509
87338
15677
92588
82417
9824
32451
46952
11981
8093
46877
15173
75753
45945
91871
38577
14444
31428
25843
9223
8986
14684
129389
53611
1645
48488
32225
18673
2567
82700
152483
2050
44584
9312
10470
32507
27337
21019
28001
8810
61807
4353
11173
53218
35803
26110
29936
78254
7737
111611
27267
3842
13022
9700
9426
43042
87025
34837
57058
84587
70734
6138
80204
22613
74673
13917
56340
28416
30934
23082
68796
88797
18392
22553
64784
10567
35262
6028
55682
70279
17621
49427
110533
46856
11373
8082
42468
94933
97871
4420
80885
16785
34463
119323
8368
24850
25518
6880
70311
31125
39318
29560
34188
30517
88967
58978
81239
14606
74181
43250
134448
39175
3103
35536
36211
22629
8399
6848
25878
22171
46348
53246
21638
28636
37856
12863
17482
18997
26186
5019
66377
35333
5423
63013
70692
35668
64710
69302
36971
82041
26869
19407
22827
42590
102901
54261
39113
23828
19376
6707
44860
33453
44524
107772
22629
35560
27629
52627
66692
62613
16360
16688
5101
9167
69283
33888
31683
109920
4372
10253
87332
9200
41025
6056
61543
11044
29914
71487
91281
82615
51808
66269
934
10820
37460
10407
31612
37937
29176
86120
13463
4583
12532
42512
37567
15813
28984
62310
23908
63110
62776
78873
46646
11063
6120
43772
98002
29588
28980
15040
25105
7556
32244
17511
41769
2321
15069
37170
89090
54989
38647
54515
29409
59137
27874
124021
124351
14599
52850
29568
5748
61131
61646
24524
629
16459
25651
60410
42505
26944
24926
11348
21098
37655
96727
21415
6394
25618
113817
12110
6765
6242
76016
37419
69581
78777
5696
74517
31746
45764
26893
56868
16602
77062
18588
15013
37624
31994
8837
34805
18663
131590
5766
60644
12050
23647
22385
19742
27041
3671
132009
95685
49668
73029
12160
40161
54732
5525
42311
23810
16744
18090
99772
14333
11827
145117
71263
59013
31148
57087
8759
77259
16813
68820
79900
29759
51683
21721
42784
32720
33537
16357
111458
45672
45688
4522
17465
16932
34361
36927
73684
25346
11952
64978
36860
64107
2982
7649
36500
123318
17965
66127
9023
48422
40232
35111
12814
22236
96861
9438
9860
4427
52654
18367
125985
14155
15954
23131
26438
7861
41166
56398
22042
2360
23100
96671
19748
28790
38157
44991
13222
9284
33185
18961
16942
25222
28555
131301
50609
59891
39067
50417
45283
9494
137690
10583
136021
4938
29559
27043
79744
10698
84140
34550
45037
28975
29502
93488
63553
6863
11731
80710
29006
89506
10721
11800
23654
62619
89800
11842
4334
6371
30513
10226
71128
41294
9567
53353
51622
35402
29089
31204
10158
124438
47708
17715
42545
104479
13006
60765
137633
12838
37258
56985
11019
14329
20365
34775
1111
11494
36658
9764
45361
49444
8329
18469
21746
10035
6614
55392
139691
92279
7143
114077
30022
175116
6664
83282
16115
5668
82240
25724
4077
34329
49963
57698
65902
40073
50411
4103
17603
53726
3481
78477
27494
22646
45926
5201
115743
40486
30546
59734
45336
72753
70989
18246
1239
6579
28271
27308
77531
104379
50928
51070
58472
82977
1918
18765
4039
66999
36079
11997
14026
36548
23515
8729
29682
52818
64843
45826
56699
149069
13845
42881
21381
117536
22092
20351
11178
41967
115994
81046
27133
20581
6813
7354
171696
15757
9924
41917
80705
103000
79662
42849
14765
32185
42646
51242
36985
22664
12240
6769
36987
108115
28401
82091
8730
36171
51274
33090
8186
16596
2532
971
20619
5562
57392
10455
42612
21261
72893
23545
36754
9802
58893
41743
14632
44350
15975
121889
2378
40521
29325
23731
48885
50692
48023
12699
72511
27880
48910
47520
49987
117758
15754
69490
53378
77951
24923
120889
27118
9511
4698
51966
33082
34509
29055
36586
55830
18144
20862
7889
6730
2987
57433
27478
16779
94299
26278
43143
59783
22090
102054
40674
24067
14986
8327
33929
12719
44559
27296
67443
23341
91057
108366
32620
70168
10060
39469
29027
15815
76414
51320
52199
15676
29796
70495
21595
3982
55532
12798
49177
11148
44173
133521
69928
14133
3628
5372
35770
46655
114094
57688
73720
40702
86340
4316
46376
25408
40164
29202
23687
26638
118510
109684
6502
15168
56510
14991
3820
9565
66174
43679
37529
41219
121598
92283
67139
30708
83551
3873
53528
14225
21132
58770
3168
94945
29064
70700
11769
34514
65182
9594
47675
9279
18587
13704
57881
46842
10945
7700
2917
15057
33804
5189
41204
6074
85405
9748
16353
25104
20148
14538
20722
72075
52516
24530
54054
41621
60750
36858
14118
56929
24289
23325
8846
23102
56862
11804
82348
95853
38215
14825
15171
38737
30570
42109
4924
41586
2767
43555
66234
26981
28178
104729
34942
54891
9871
20461
18009
30513
26515
5620
29787
45252
21746
4167
11552
21270
96242
22041
67360
64498
14441
32807
24374
55017
112378
43132
38524
19397
92574
27014
33359
83196
75055
11982
84357
50242
58815
27810
80213
33528
97022
82346
62572
11330
57691
10884
76525
30858
15266
40281
10187
51524
68887
71835
35522
50007
66716
109383
14763
32824
71445
6848
13286
37703
49100
20029
21254
41353
37009
7349
76438
86419
34760
41331
73031
6600
46584
16717
26846
48086
13890
31775
36648
9898
12248
14471
25788
15396
64599
54606
6770
47556
80763
75508
24377
15415
34613
66089
86967
7845
61538
33079
36193
82384
37648
64600
35027
11412
11193
67373
8402
92921
1951
95640
8902
133433
49107
144936
14457
71402
10003
85105
21437
50131
67417
56423
25802
22469
11552
54746
40335
94204
9926
46176
5606
15146
3467
33833
42287
4161
127956
97385
18847
72101
109753
7640
135070
65793
5554
7936
4982
28883
59613
112479
25240
22446
10262
16165
120454
111857
4457
8737
25115
6323
28681
120444
25288
35199
12467
6265
22899
3091
51472
21972
83334
65293
19082
2012
29905
29847
17530
16547
7631
60766
14074
35905
89223
17207
95690
36691
47790
19936
68524
43472
29850
58004
41964
30427
12653
9158
33148
42063
34661
17631
1433
15654
40802
25050
7166
67292
13013
126074
88249
72418
55809
35426
77281
30632
3996
139820
29018
29525
62240
69643
88192
39235
15419
32684
17552
6740
63985
48204
44730
41707
106304
4751
73509
132042
9197
49648
21525
27782
36197
22834
32518
45593
9405
5191
38810
44360
77027
9216
40495
12969
165848
11069
63580
40353
87430
6927
81347
88823
41242
9939
11920
44169
28908
29675
55112
83687
44676
40276
99742
28496
72948
54170
84306
22945
17951
26717
60809
67826
51912
6282
8037
10765
52727
6972
60885
26801
54224
32487
62901
54093
30501
55799
21031
53621
32087
54864
75641
23451
37791
12137
14763
9748
37410
34917
90993
60149
34542
44214
36109
25229
9634
10844
12786
29471
61834
20744
8890
7463
16621
137048
3252
10817
37822
20663
79059
50344
9266
75031
89830
50800
9728
22934
39445
21900
44572
26360
44775
3765
118171
38043
65281
84912
16240
83680
74198
8042
18810
17943
62174
71021
40870
34053
25669
37599
19378
9235
5829
72715
135344
14851
13460
68063
67197
55427
6519
6229
13864
55121
23720
16527
44619
102852
3339
85947
23161
9456
69169
42082
27819
12675
27858
3637
29107
22149
10841
35206
49532
15388
11527
26131
421
11735
75003
75079
25743
20684
38508
9136
13856
104710
105326
149372
17727
51294
36201
81987
18908
32138
76058
57276
9980
50808
67213
86351
14912
20419
43489
5160
62488
17108
33547
37449
34092
27011
40948
11257
14069
13845
17754
129847
14353
63137
46785
43474
21015
60310
35727
19032
43609
111573
125137
19364
23272
38482
10282
41669
10817
46249
15369
36751
49703
21862
16801
25550
60712
12761
27602
6562
24091
9245
25080
29439
5619
39841
51636
16083
36171
54356
8401
46080
13431
93858
54875
37083
82916
32080
23753
11224
13277
21186
38177
51155
14527
59819
96898
48660
20617
22219
31994
16640
58235
39007
7051
13195
2704
15015
11480
40191
14765
51119
53784
15336
29667
11299
37790
78576
9503
13100
63644
104334
32829
41909
75685
13553
60159
78149
4615
9984
25466
34492
34645
34352
8027
10850
36681
4331
13543
24293
48598
7693
97253
26518
27604
7389
7653
44024
21131
8033
64611
74094
22923
45804
134966
12990
40709
30497
27986
10687
26478
94159
98920
58731
5382
25613
57432
17870
12827
24797
43557
15538
13962
19371
40153
68608
11376
35131
11598
30557
38456
7936
112137
100673
8345
5966
8843
7409
58845
88507
20210
56617
8412
25984
42789
7645
41037
14258
17563
143259
22923
5591
101756
26246
18241
10663
6290
57951
89536
6824
85403
20067
28709
28838
45000
10890
5106
46117
65315
8172
47645
104359
19009
15474
5330
19526
37592
15751
9295
75942
8668
67676
45733
39428
109451
77182
8020
24216
13240
12549
69146
7732
3899
105136
70055
13868
14235
5566
85930
100486
89163
68297
108783
65838
13076
35275
8478
52261
21480
54829
16532
53609
17183
18021
34775
40965
1469
12115
17188
34094
28808
2851
3932
23821
6463
7038
13357
7963
30367
62956
55821
6197
15959
8799
81889
4826
35162
29466
86914
11314
10458
26449
57858
26656
64026
16536
89685
16601
3017
17570
35582
3147
22195
19973
18120
44791
8876
3217
71209
65572
16180
37972
47541
90824
28258
8093
10982
75633
81015
53551
69132
32099
79603
12964
96374
7820
16995
34440
23830
2300
33459
33213
50918
19993
25878
21087
13751
98735
16885
11385
26051
6786
21455
29240
7675
38463
59369
118108
72984
5441
35361
22969
20888
22003
56909
23950
25083
8132
68802
37578
7371
14293
56480
13944
19322
73354
67898
2083
5498
43429
12496
96506
67784
65757
40405
58458
27725
48274
28464
53219
25308
25954
39520
50185
79739
41670
25741
29491
2397
10947
46864
37856
43663
3921
2909
13968
22591
41351
30289
9926
8350
29905
17724
13398
43007
33869
15720
28319
7980
4239
3228
20729
54164
29743
13692
57240
67497
53122
29576
83386
3556
38807
9959
9425
5037
45223
4273
10998
4943
14621
28333
5133
16006
49833
59788
53135
21943
3941
44094
18486
5214
15060
35389
7714
73509
30058
56654
24664
46603
13644
86136
16969
42439
66137
35078
8798
57176
24552
4433
87605
9629
32465
1319
25196
66092
62419
15132
2571
58685
106605
79422
9566
115978
30653
26882
89410
65727
18323
75350
25074
52179
34903
7170
46451
40942
93825
6512
48790
14684
11190
39810
16730
14090
8981
14632
63413
21300
19737
31316
56071
53166
32191
23138
44119
70324
50883
40908
48033
39787
61180
17874
31780
78484
69516
7123
27221
12605
71010
10774
12418
7138
60905
27735
16167
5320
4815
17488
8425
12616
68562
12496
15595
57234
29686
21458
77622
83844
47986
3085
13638
16522
23479
95161
68040
74255
11362
51368
58120
21710
55176
15789
27100
17546
42915
50859
54437
24012
19397
26005
79604
34577
17005
115248
4090
7544
86497
59546
39765
91332
5270
66032
34837
40958
100777
26526
24337
71101
65929
171625
19694
19527
30459
51866
22004
11743
87818
63005
28506
6023
6560
12888
30868
53891
102026
14192
88757
15468
11462
12078
35050
12231
6868
1990
32619
20876
13253
21329
22576
27755
14766
39899
49607
26373
67462
19617
38177
26108
64075
12584
9698
52513
26297
29277
18130
81746
130645
14205
53574
94384
112199
37609
123950
108727
35071
59569
19944
46447
19387
79603
25542
76436
16418
32085
12684
35447
35434
31782
38259
95252
73695
49512
73845
41659
5406
64277
36670
21014
3406
128779
12117
32558
91698
6326
9572
79682
28799
35496
69078
5680
61815
16005
69663
3106
40353
61640
14145
17838
48105
89446
13637
8287
58438
81819
78236
18795
43244
51171
23754
130680
5562
34587
68072
58869
20330
55671
40606
98274
11461
11672
35603
27753
8744
84352
19706
107300
8739
35307
74416
7598
48172
38860
74372
14288
33301
55130
30832
76602
60584
32093
24909
27548
20257
20938
8109
47213
122572
15765
59682
19918
9390
39217
40359
35949
