22210
53765
14676
25133
68181
13384
12111
239575
23287
84490
31427
31534
92852
52569
49626
19461
70883
22495
23224
41767
37954
5857
45306
13993
86243
7882
29145
22719
76861
26522
57278
30571
27669
41051
13618
119032
26200
24006
28585
15219
58331
15973
47441
10526
20906
69387
43301
38097
22882
35051
8525
20353
11517
65872
28208
16581
50034
39218
8742
5261
12931
25490
69076
30803
27053
6012
99949
67830
56268
24986
6297
8537
30226
81061
21612
35113
95521
16973
31161
12271
4145
135692
38536
9509
8745
25883
9090
19815
21982
19535
41191
13629
47885
35402
12344
71264
39349
98385
10661
17829
15656
33646
4346
54516
18395
16866
16378
28811
9419
34718
45174
28450
15424
40169
13602
19559
14987
1981
32718
34686
42241
27775
26823
6363
56545
5657
3444
32871
20934
7395
98180
58162
12831
12712
74295
76046
3025
11297
8454
26276
56891
81316
7056
93116
34701
20758
30549
45229
27195
66812
51452
9913
43428
19140
33358
39228
53441
47113
16118
49902
39150
27071
25583
19057
29169
21370
100506
55606
67466
37878
119640
21313
58786
9928
3317
65778
19857
77391
21218
26249
58161
17896
40299
27855
26103
25384
86713
72175
9870
28995
29755
9701
34860
67200
8185
43120
38077
13665
52973
54777
4148
27183
8207
15222
32715
8038
6324
604
13345
3141
4554
56174
32523
10570
30947
3112
116915
62150
1801
18235
50797
17476
35169
88872
32860
9387
51576
19366
26278
33947
71120
98775
22809
16035
23982
63253
17969
9819
30226
9618
64516
9420
53084
24678
18065
12078
6285
12294
13648
2476
3500
15397
19897
49919
1191
52225
131768
18379
93767
33028
8828
19554
50942
55574
7462
116287
2939
77374
81586
82136
13639
70165
25364
21224
25434
12869
77027
43367
13015
48489
40701
21247
4416
46144
16946
65595
10991
62958
27544
16808
72666
11015
146769
66211
75277
18925
32669
20889
20834
9896
31999
12695
18835
16919
17932
17256
48039
63635
79016
10263
53339
62587
26488
8102
108262
13794
29027
17371
39407
49831
54655
6882
15440
24497
16970
58954
44399
2151
1684
19804
18879
126022
21974
18563
14292
48007
5348
41579
23465
19390
20046
5857
18052
39959
40529
57673
16325
24993
12354
45350
20553
36071
31435
16928
34399
55112
126314
26645
20058
22824
2807
30331
5812
81416
11695
58831
42105
6017
22761
13171
65346
74765
79551
19299
68176
68956
6013
21154
63937
27192
19387
14703
39800
12751
48741
18792
30822
47035
4035
28997
43527
49190
59937
30474
68717
25192
3528
67368
27814
27534
31697
42537
25249
10834
6420
24828
65234
23418
7682
17301
42011
60514
56382
89581
22039
9359
24417
29524
48494
123632
91450
71836
16150
3997
47149
11534
56858
16372
96041
2824
28879
14199
11747
11502
17950
83496
9936
68831
6328
78163
4083
6861
21754
99430
39858
61597
37003
6684
116863
24140
38884
33308
60230
9478
32713
4386
24978
10577
53121
25246
63446
18738
48787
30116
8330
25285
1417
36591
28028
2208
65590
70331
5478
16438
39361
60111
11414
43219
5497
131621
65644
23139
32028
76674
39255
36633
5950
83724
10813
27799
29461
46929
83212
7858
120950
60577
5857
62938
6337
29859
30447
19664
22468
38714
58643
4027
3382
37317
1794
48869
49641
61445
32394
40981
1043
73279
90374
10396
14779
66727
2511
45453
40855
56641
16439
27749
77783
2236
11401
11532
11632
3062
30075
74842
10154
28767
17059
7622
7299
36731
29362
38990
35283
62565
20892
27000
23918
20241
122900
70924
74423
43260
35035
21286
33841
38629
35217
56864
101316
52980
47941
25471
44009
25222
12029
34874
64369
32300
7024
12915
13251
34158
12537
16159
47483
16634
21625
22847
44619
41194
22640
40432
29162
21782
120440
33519
38681
34533
47623
65883
128198
71519
63541
15432
116369
15523
10075
81415
55293
53302
108245
151110
64227
17144
103154
77871
38136
10491
75598
76697
60591
95875
65121
20101
12897
25985
72852
25015
9879
43746
79628
42401
15046
83832
65754
26571
14116
10245
15357
65997
28512
60314
16377
26169
33597
3369
61482
21897
132456
122264
18660
17863
23950
6380
14691
24099
46144
56477
5441
68848
2784
37805
29937
42654
33523
34717
25532
32360
12757
12419
115748
46330
8047
18660
20342
36334
1363
26005
13871
55212
23160
42834
12508
93003
43211
4995
8792
9072
3994
23931
6105
8930
24467
35167
99344
29508
30031
18625
33066
4136
35412
9876
8814
35987
18440
35676
85350
11693
60398
66199
68136
45899
5084
17468
134456
13861
4924
29922
22005
11783
27160
151556
35449
75490
7190
5255
26854
8462
7520
29650
11846
16296
6141
32075
21550
7008
38160
56977
34480
7669
35454
13575
24462
42888
1949
27669
19317
46927
10290
42585
9029
76733
49403
23053
49199
14808
36605
61152
84212
9465
21609
6544
114320
56575
71198
26925
62416
46431
64509
25397
31986
7705
22353
30860
11978
8821
39291
31960
27973
7358
9185
53737
10824
6040
27840
67054
51282
16432
124450
15153
61337
24311
27948
41503
47281
104417
10741
17296
30270
17428
14150
24280
50990
63872
3785
34958
27922
24634
70021
64797
16211
44065
13132
79466
19588
87663
6016
67837
26466
81978
20226
32759
29855
15679
64334
15354
103028
17705
14910
4438
113789
8067
21809
72251
2050
60505
58842
33516
57410
44900
34456
14554
71632
31397
61739
18031
36715
11189
14195
34277
85012
17376
31039
15628
46030
75286
42613
106018
83970
23929
113108
44439
42130
9193
10484
9146
62287
102425
13302
44232
44133
44221
19127
18633
40615
11655
9435
72251
51683
1809
17568
64150
37846
13015
18817
73018
38803
12932
53719
19882
26787
39152
81515
6964
109354
35369
72419
8936
42177
28509
36824
8179
68958
87935
33053
20827
55142
25660
18998
22427
11894
21005
37586
33082
8516
18451
47976
40783
49116
23604
14715
44147
38657
28005
2459
21744
32417
49911
14786
93461
25338
5146
16381
9926
29832
23526
42856
30144
8110
82957
50292
19259
67915
66282
25658
61789
26829
38773
83167
20047
23738
136485
96358
55804
19437
61702
22621
9373
55165
108831
98192
59454
44512
14997
51359
83122
59006
31260
37913
33459
37363
10421
36553
90113
26383
17331
95573
103107
12849
22739
22902
70747
11756
42904
47178
17248
22189
31901
11319
8347
8623
12487
8430
2760
61691
23235
15413
42873
46646
44725
4182
6284
9920
55553
17255
73305
42581
23211
16650
30311
40157
6642
28164
48663
5417
63468
98656
33952
41441
72707
53935
25218
13276
77062
27663
23366
41107
71466
21957
48982
39289
22846
86429
5940
12421
48661
38212
98304
22912
107583
81827
111493
10208
5791
47278
5068
15298
39578
89116
8437
71033
37386
8638
33869
5954
5218
31503
73979
60945
98550
23788
17973
1596
5369
19973
5001
35697
94482
15747
20133
3713
76328
44115
64967
22420
4228
25518
36867
16374
13033
24855
141457
4497
45395
101295
23948
10385
32216
132975
6710
27984
9333
1450
50950
28447
22139
39131
19089
11457
40110
101056
31005
103084
15527
42578
2179
68387
51849
47107
93435
14305
31327
71766
70538
44813
46481
75749
34604
14711
13071
54517
28850
4889
130610
56610
52757
63725
18134
46934
35218
59463
23309
45983
7067
17929
70387
11617
24890
27813
36990
10004
5051
68731
40343
43959
38668
76294
75227
19261
23185
43329
3805
26353
26982
56260
51954
14872
91800
32674
19643
47434
12524
35873
73556
10519
94290
34677
22923
2945
4546
55425
49432
10923
9031
61547
9703
11964
63904
33590
15944
9030
61231
29952
17711
3171
37627
49212
28485
8863
33540
37877
41698
37472
10972
6317
7696
23668
66121
60922
25614
12368
6682
24789
43013
17552
78920
34176
32045
31102
4581
30744
42132
23963
86649
56301
5653
106211
30701
17727
7292
30275
32376
58934
8573
54311
125156
14898
45441
122364
14971
20875
31716
7625
45062
2675
47567
64068
5164
10399
2136
43765
130576
10322
7656
27851
58236
26070
59967
38801
29098
25928
45205
69218
67498
18308
56518
23099
10209
20948
12609
30414
11644
151112
77859
24424
9484
35097
13443
25105
45215
50338
15905
35634
30165
33757
31396
19099
111170
150239
20224
33958
12176
5165
41474
18046
16003
7934
7428
68762
18802
7964
57967
58888
7915
30719
10508
7284
7008
85801
32770
23438
7485
21164
42363
24571
115903
75346
15116
8925
3883
10430
3574
22125
91585
24201
16199
59269
28238
26312
1213
36673
110124
27486
88272
71908
92198
34504
73625
19533
7566
67739
68260
115092
5179
94545
73229
61368
13329
1330
12981
55817
17609
5660
14015
34101
95001
11838
24287
121576
16754
8698
44847
38319
30794
37672
146938
69798
45931
12596
132173
64782
12040
100262
16342
53145
19870
59630
7372
6326
33108
7517
61096
26729
97915
6890
33419
21584
17942
28944
21246
39145
58450
25375
21747
142505
19908
35028
43487
6422
17916
34978
54777
49804
88502
40308
63569
46185
44602
36369
40069
41905
41295
114814
34839
68658
20771
71419
79431
39110
15031
6812
62811
16561
23851
16536
75619
14641
34175
34613
1943
25061
15229
4763
83930
10667
8836
17352
32213
47948
97602
63458
22984
86124
18672
43096
8350
29986
42557
15312
4577
9857
56099
96911
46572
60215
6157
74187
19160
6701
89451
12511
1086
82105
4601
14717
36757
28556
43159
11895
43883
5960
45964
93996
10948
22510
20132
75603
28985
58254
37180
37334
14431
73560
54440
4015
65981
41271
27165
69266
84124
93424
75300
93533
23561
14860
29681
11597
136481
110267
48098
84558
25272
9708
20877
31242
68748
48149
85202
30437
155761
28331
20150
57297
3678
33646
24270
5633
104718
3481
26005
4067
11333
28606
1916
83175
35749
59118
24870
11824
50670
22222
11956
19141
32307
32367
9196
101159
12270
76468
63618
5271
14631
9856
51124
9145
38882
8695
25532
82600
10188
16083
30754
7902
47274
28581
116429
31058
13132
7608
25379
18414
45176
52834
49871
6149
63369
51810
59856
2791
93973
19955
53259
59570
27141
51639
25078
53120
3820
25526
11815
626
57954
50624
34556
12133
11037
21447
104536
50286
7513
93394
40208
109929
47576
43412
2586
12544
73771
4202
22214
21610
17789
12727
5483
3360
140648
20766
33750
53146
42519
17210
34110
20821
41844
19959
10601
38800
6833
24619
24176
10908
14188
63115
55176
84916
58335
9914
12872
89014
16172
5992
43603
14772
20511
4512
68215
22077
25798
15145
34868
54932
34219
6052
73716
38307
5578
38586
1471
76979
10962
44911
23149
69843
14167
59930
21235
18795
27662
31997
17991
3596
4106
22809
32792
81008
44996
11700
24771
32224
14991
31281
14511
75766
3232
47578
158676
42081
116819
22153
19720
68482
35349
13022
5113
15247
22409
46201
77937
6792
26291
13397
106784
10285
72314
38072
47755
21360
5432
47748
91389
32438
43636
2898
99541
28764
26758
44854
28652
27682
111424
2240
32385
58817
20925
4958
12716
15935
30594
79981
58774
34356
48533
86650
15714
127021
16208
29792
58024
36355
15697
26180
4050
10183
18899
27328
11527
65013
72926
59225
56691
26401
17002
36378
25536
10899
42013
82144
6288
58209
20508
43258
15138
139003
23218
24168
34826
45546
30210
13239
167486
6462
10645
35677
3733
17043
35229
26713
6869
62084
12845
64433
3349
27697
15374
12589
116216
8152
22800
5518
80724
17122
62637
87073
27019
73112
13481
49937
35385
52404
13283
119261
11768
158408
12063
41447
68416
22406
40269
30322
77099
79809
19584
52475
46030
25841
8897
11417
6604
9258
15750
8072
123387
85520
98416
110360
10222
36135
12148
35454
19183
49811
26030
34108
70476
10369
61786
11077
24317
37554
10713
8225
9430
82707
61990
127259
49948
138402
68257
65314
18634
8279
24163
26981
74087
71968
3382
29557
30350
96629
60447
15776
29564
3234
8397
37596
25232
17148
43552
23933
98427
23087
59322
11876
13297
1608
98987
41369
60770
84068
6281
22198
4154
101778
26624
25724
36937
29864
25022
89150
109064
113361
86952
24131
55530
24258
62826
129672
33529
19835
12773
58002
62681
120623
31930
57750
38970
22852
33277
66094
53611
67616
54331
26741
43147
16058
13873
30486
55576
64998
24459
19534
21061
69458
14064
20009
36552
82971
36681
51602
24129
76397
22287
10487
17234
29310
27715
27352
82913
72750
36328
52502
3635
110678
9347
5756
10870
56753
51508
10397
105757
18887
29356
41288
35696
9898
41412
30136
65943
14443
59752
6072
1133
35474
43927
8067
8870
88470
80947
2321
14207
81177
23155
16469
31776
82055
36308
45765
17972
18115
10679
12613
79747
36434
30130
6324
53840
23004
23530
30892
47392
46008
15462
14673
36916
58110
45102
10977
109911
45798
21445
44650
131206
32617
29653
37165
25233
7264
11304
46299
25787
18893
57441
37166
8438
30678
17846
20772
37144
46792
45284
63366
2985
22920
103145
14509
53504
75366
122710
19941
37125
8070
14690
152735
7224
96197
33961
9937
97954
24218
10772
48072
3682
70957
53227
4733
28307
5148
15990
24570
39954
96135
97962
65816
45295
92907
16283
73153
75302
19582
28297
36050
104218
74960
10120
7072
35759
15703
51600
41391
23938
3506
19390
45910
5035
20883
42434
52635
54209
43306
8667
43065
60399
79116
67739
38128
37734
19106
17214
53130
10045
141742
61442
36984
92878
68025
44632
49797
14890
24144
15897
5091
34140
80119
51091
7171
75733
64864
9708
20938
13223
97404
17700
28755
20385
3031
67624
4803
49018
89647
22756
12009
116942
23160
34995
6579
15223
42543
99825
17747
15374
56128
28102
14236
15693
58282
4328
20559
26207
19242
20041
41256
15287
34760
32715
8360
35960
31013
32455
34466
71029
16250
68811
11733
87916
10993
66822
72863
14365
22204
60806
10280
34477
5282
43051
1259
40023
54021
4621
46622
27670
75134
5656
28599
39572
16783
73811
10540
7582
47539
13497
46787
13045
127410
34372
63854
31650
3644
15005
3278
1892
18341
41714
50524
7532
13785
30618
24935
109721
69212
50375
11319
5056
21017
10690
36472
32997
7968
68826
81772
22624
23471
40086
63062
51333
11008
7827
3074
43458
91542
55881
39692
9764
69314
43278
38344
15154
39597
85185
9261
64641
45503
24772
29071
77498
16781
103650
105555
15106
11338
23624
59656
46655
103579
77947
44030
28166
37433
75152
8623
103174
53001
81082
27338
75153
64682
29536
17293
7612
24979
11619
11483
15780
26988
20210
23636
45459
23184
16632
18152
164166
68919
63508
14585
2925
19945
14102
15713
138461
25956
36106
7963
83505
9301
13117
31625
13367
49771
8905
13704
71642
48644
40910
17543
15070
5358
6553
84525
47970
20765
8370
87335
74441
19105
79521
45244
5082
40373
5595
41179
96440
72711
123484
59596
30812
9224
23231
59947
13608
51944
1271
89814
65277
140286
8034
126403
31569
90042
96809
88281
5617
26662
7761
47434
50932
37570
40492
72387
16091
55788
37736
16480
8360
15855
31807
29131
11930
44426
48024
77304
13807
10883
123844
16024
61118
4969
4354
25459
5435
31914
107083
21728
22696
19387
19761
78944
87533
53899
49451
32603
18103
7711
22675
54176
8407
28155
18624
11345
12322
92746
173994
98212
77866
29792
66190
21653
56983
27583
35324
110459
19041
6768
32031
25610
29317
17049
46301
57282
11263
53200
53336
30598
67918
126447
9748
2595
90509
7906
29991
25926
22827
9143
85572
9369
14372
49659
4189
43174
29924
18728
24379
73036
46039
97908
26960
41341
6733
4144
19463
42781
15428
32211
8713
31963
69315
21005
49019
33557
89607
131345
10650
43480
21829
98547
26127
28916
54124
33500
17074
15554
12986
24905
5616
23170
20896
4557
124452
70286
52346
9404
58699
17109
50660
55118
31817
36230
47378
15657
19335
80934
6063
3730
51101
17831
47499
123695
29465
121143
34408
27041
45614
100774
58110
9565
109760
19466
8673
120107
37869
43361
3378
43140
11276
25159
97088
31695
32642
28065
68387
8842
28699
29014
97098
43089
92278
41435
44650
8011
78388
107381
37156
53933
19494
92007
37199
22632
8791
9113
21363
76640
64911
79419
54911
32913
17283
5164
15276
93737
55620
19800
42323
35866
15033
10906
18711
69926
15595
10313
12955
44469
4137
46989
80646
34150
51566
16932
37656
13700
47834
52337
69454
1893
61617
40602
62592
34236
96217
59500
23406
116281
60488
16560
76341
6910
40983
35435
19339
26187
18388
3057
30445
40643
6942
35795
39907
57738
50917
23549
21050
22898
8541
8978
114152
13142
33039
27633
62075
113127
18078
63551
71693
41401
21867
9445
69513
62554
11951
21207
8710
21671
99378
21782
40853
66741
58014
11741
27417
21687
78497
64709
59211
32012
30010
3487
70082
26915
35267
39934
38603
12257
5742
33609
10074
63716
26812
40036
104123
34953
25608
11459
16728
57154
72481
82264
23550
87343
13411
51125
62690
45354
33597
10021
71848
91925
24430
1091
35636
27116
1360
24503
5308
6992
4310
10100
9026
34976
26716
60819
78192
73102
56624
24784
28649
4427
32594
69925
63933
27146
16338
22570
33202
52852
59840
61048
40521
46966
21428
68816
58815
61961
14173
88455
24846
10541
53651
7551
99313
86051
21900
31480
142648
11986
26294
122751
70865
63486
24605
10132
23740
24432
11586
12758
31356
7515
10812
8959
23180
31897
13767
36311
46754
27946
13614
57217
4902
74908
10907
36600
34730
126534
12855
121200
16835
50332
27748
21232
4874
38953
31601
8536
60136
9883
26451
29610
21585
72551
16298
26757
33788
93115
15517
25263
11632
19886
57836
84065
22606
60497
87672
39388
25771
7189
7451
36770
14345
41348
131
47834
26400
52476
627
2418
53250
45781
40870
60457
59619
39497
8155
101373
19750
59704
51201
8659
105555
36931
59623
17757
11418
46816
53024
35994
27036
13408
42613
48877
55841
29615
107366
10484
31332
20499
27227
4045
23503
48855
21012
17862
43882
17852
70125
70603
68834
4751
27973
12395
73996
669
56793
13179
6284
40136
33439
21149
64408
18692
61724
13749
25472
45170
12089
20606
69976
50449
3545
46682
9817
25298
13176
64802
44949
10975
34603
15548
84866
12260
35096
13858
14536
20927
74913
34119
6486
19413
25515
42010
5938
14445
37903
63970
2469
11068
21187
37189
45317
109041
15525
68128
95095
10330
114110
52089
99766
61339
16852
20716
51305
56081
35761
66330
8774
35330
25875
64924
75340
29494
8434
29608
39544
4684
3800
87958
103901
7671
54694
40009
36816
17910
55860
38066
24197
24353
14082
37791
29322
85155
50642
32466
56025
66552
17473
166630
36352
15020
51577
15785
14782
24659
14047
30680
19428
24750
11423
10794
1412
25760
35665
38715
133295
30619
26915
21078
39686
76733
3370
26416
74663
27203
10362
30151
32731
10009
83717
13637
73023
48779
83442
34890
12561
17283
12809
33447
8317
47064
2885
52991
83752
20595
90480
12521
22599
28866
35104
2710
74599
46298
26488
105911
14988
9334
13954
12854
12367
79153
32384
11733
116100
59801
62734
29333
31137
37153
6165
33714
27357
71091
14934
48457
21841
69612
29347
37696
20123
10012
4009
3958
12530
57001
33443
20648
33663
1960
6129
130796
1792
27917
5946
62238
36043
21812
12394
29605
15288
25968
74218
54563
5892
50918
26022
8016
20331
44842
28162
70477
22973
45414
15418
80934
70021
110689
22215
24137
67319
7166
13422
68362
18518
21337
5163
41094
939
6551
76700
66945
69496
47649
75190
12984
21163
25562
57575
62847
53172
33061
134399
15628
12091
13888
16718
22680
13417
69030
54103
72551
28596
23534
15759
39164
2379
33967
21771
39242
5119
26703
4585
51201
9672
44221
29729
51104
17458
8357
39006
27935
22331
4953
3392
24399
3733
116181
14680
27212
24641
91332
14981
87465
15211
108380
33107
11273
15607
52344
19247
38535
20463
13260
79661
101080
11766
8422
9073
72411
23543
12875
14859
7395
13132
58945
96116
16628
11605
61915
51188
57645
5006
55345
21120
3883
19804
4580
98468
52140
38851
25564
5395
35777
15618
8650
59984
9776
26619
14253
46260
73353
17933
79139
109103
66635
46155
1195
121215
24676
4215
64365
15386
53867
28296
5691
9125
43758
23367
7224
33315
36922
23184
23117
62118
30661
16816
12732
42846
29323
43624
11688
118466
20662
20614
43503
13797
25277
44340
71826
32343
16550
10385
3005
24720
114494
55701
65547
52878
31609
9433
69326
18356
3987
8666
10432
5949
132060
3987
86271
17499
5307
7968
3321
29807
53342
12211
50750
56161
50541
7378
68949
15812
20637
28459
34795
84143
8878
6453
80884
10776
30941
28110
19639
50790
12755
61567
30603
39165
55201
12687
7756
64088
12980
20979
27604
20200
6326
21760
29087
30144
90611
12528
105420
23072
14717
34252
40645
87180
73303
44379
79794
10686
24856
29919
75035
5565
33303
18664
27978
8802
47782
7532
8716
52642
12525
7891
10703
64746
11352
20451
41644
14121
13394
37323
14695
28396
53318
107624
62503
50160
5659
7646
59645
7687
73185
12097
38022
60102
16156
74649
3622
44507
5050
3782
17786
33342
25420
10211
85922
73208
58939
68666
36283
37348
8791
20559
58401
6272
104050
85400
51760
5330
26845
9035
19839
9619
50218
80565
68273
40811
11858
52557
4113
23920
72709
8331
20451
28343
32672
8682
33913
44179
83083
13710
104319
20822
31379
23658
88651
20271
21231
26887
8358
71817
31283
21592
15649
38248
6153
89479
50356
103782
22847
15044
27630
5965
8203
140848
5756
65668
45271
8327
15488
10589
41493
44083
36509
15892
26396
42433
78456
24378
68211
97434
40456
16288
5506
125108
31469
3427
41738
36192
57063
141344
53555
47451
18377
3866
25638
17384
22543
37942
38386
15056
20416
47989
25481
23405
65004
126315
10602
59777
7819
59323
10671
28784
57978
16340
24564
3297
60675
26241
13671
53369
44423
69180
78126
25545
52228
38319
34116
53389
94162
78354
6510
21486
37271
23820
23798
79838
4850
60007
54777
35696
55480
21315
50820
23877
26682
41340
87677
5616
72320
64070
14257
15953
59361
20160
13195
54768
6348
36002
64664
10793
1469
48123
20828
18085
37543
2408
53876
96781
54712
4133
21361
7679
51435
50136
80317
108477
4817
50291
55884
18927
79215
29771
50541
22341
19401
8984
80323
52382
23970
35969
14784
39906
53653
10950
45261
67925
26971
4167
61669
39631
15494
54861
14025
78062
26620
5581
40472
49128
47854
90669
24917
16041
18628
46968
65346
5390
37900
30478
30467
47232
23930
54011
17638
12656
25373
21125
25766
33914
2836
9705
11609
54318
99839
30200
84187
24087
23522
68079
71370
32104
22485
25651
15847
45262
8636
28599
20946
30608
60590
108308
22741
25351
4566
35948
60161
60604
50610
16007
13050
2085
23288
26063
22739
13573
119657
34476
49482
59818
29682
118128
3839
68497
24234
14514
3181
2208
21155
46856
55990
11316
15805
3019
146558
23863
39564
32515
84818
70045
79770
21916
111017
7174
30767
11030
15828
17757
41682
11491
83538
61642
29340
30878
55822
24130
6994
77996
2535
24131
8504
58207
18704
59211
10278
121249
88620
40791
18258
47884
79895
31398
32825
13608
49577
70267
23264
26340
36364
12448
77068
62436
39376
12628
42868
29594
38166
61842
15709
89890
11203
44265
70365
7057
134429
9074
53360
16108
98807
79059
7929
26928
14858
1143
28412
8859
11069
27520
3798
61394
8329
12371
5027
9300
25464
46443
19148
42450
118001
96210
16994
70787
11905
113339
68382
39887
31294
77006
148733
6926
24779
10199
88545
80412
35947
13394
66988
6400
51991
25483
7893
85292
6576
10109
63700
70291
13024
21512
16605
70938
42829
110689
2152
6551
74401
14522
31449
26480
20614
40902
76517
59290
26172
37633
49000
5508
52419
37280
21465
89340
17882
64928
14703
8283
4165
92787
7892
13216
48654
17004
4263
31902
15524
135630
61836
18030
23227
23612
46755
10424
15517
19316
61452
152841
86597
9983
53070
84637
25451
52740
11374
2947
5958
8458
69310
26378
23406
22205
8793
21345
27548
18728
61623
39191
41833
34802
37689
99741
11865
51961
5742
33671
44906
15037
20126
44293
23026
94550
65383
42246
8721
46028
16609
8605
75577
65322
11138
9253
14207
37574
13347
71522
136841
130799
9790
14049
34890
59922
9175
4063
16801
11351
14119
21939
60755
33599
28456
50976
10525
13784
7273
5446
36495
7327
23937
30220
22598
2049
1655
16842
13448
93052
18819
22261
30753
55193
16974
126442
20223
126888
2380
20319
23785
20646
24778
1048
76508
5304
61758
45569
20473
26251
29119
64714
21738
47287
18335
28404
62653
47753
6598
73169
15829
15138
36177
16423
102918
57452
47084
24150
7885
22293
34339
30585
12073
36517
115464
65107
81710
44535
8951
9643
23653
26113
30356
26632
146235
95179
15634
55716
22905
60631
15495
7474
16672
118172
28115
4889
49274
45176
9588
16888
28249
26500
25021
6771
84805
52232
37055
14813
20259
35110
24639
71577
22949
41557
27617
90641
39859
4540
36593
9267
67784
59109
41981
73937
61851
19031
18655
63370
10213
10376
10814
17741
10452
35542
9786
13835
12230
73292
29965
30209
6201
22015
39945
34570
66415
47418
64856
21091
115179
79592
23959
65604
70114
76329
24045
50827
952
32354
47760
27240
75303
43827
16704
15642
62365
19546
54664
9609
7122
2486
37457
14317
23027
52091
18017
4879
4777
3596
15316
12036
26230
11301
12857
10170
15402
24546
47306
31357
52511
41602
50462
31437
87691
7188
50119
28393
30359
39317
62171
37481
15251
11884
23701
85404
5216
49805
59087
65381
15089
38607
51219
138445
38728
80574
30536
10332
69239
14519
40922
16920
19242
75403
17298
8492
134082
5517
66725
10703
30286
6281
12846
7877
29556
14444
23215
85086
16693
101405
27154
3744
17579
10965
34824
45875
71016
51904
25213
5709
46111
9077
61802
10771
12866
37039
9397
20188
56544
25137
36119
24166
128125
15863
9206
37159
58747
50107
25820
12200
3868
6644
5712
31387
11267
111799
23753
43943
45248
31547
27177
13453
7064
45900
29750
30195
44886
5205
22563
3563
22879
22812
15411
16135
6662
30407
124999
49044
21530
35114
50125
64799
4768
23432
9595
53726
45164
18516
8405
1520
30130
23783
27115
23789
114144
99349
66764
34377
36883
82005
23270
8203
40225
64878
95196
12221
15238
7903
58353
25381
24810
19712
123106
12252
142927
70103
92753
70274
60245
47786
41341
42439
69165
18435
7825
20138
43917
30175
3069
69891
13696
25180
18486
18823
81028
27480
35334
135669
46588
77755
59764
29395
52177
34237
66439
4248
3015
6406
17970
142005
35435
61789
68392
75648
12357
40101
47198
10521
38469
37447
31906
20761
11114
10202
15310
91508
10919
138823
16599
19509
42513
60459
3407
18025
34303
31266
16775
61666
59517
11342
72091
39081
27926
17645
31610
5085
8522
6380
29831
34014
31114
12704
90316
2704
23407
100686
34259
21078
30153
108541
22288
5057
4998
55705
25556
78677
122759
12740
9607
6660
14078
10680
61739
15300
52050
1721
35601
34757
122559
8920
48260
15570
20835
44534
96008
9650
24004
63854
23925
20689
63176
9264
26888
10822
29278
39989
15411
99031
57285
7626
97539
33723
8427
2165
129390
10016
36379
13148
12278
9511
15911
17115
12335
94251
20352
7852
24618
14382
46807
56027
44986
39364
89482
11963
27278
52537
33962
34957
17095
14401
6154
7923
40457
21147
12227
95721
112665
115930
29241
36675
24448
17149
33716
84882
49168
73936
74180
20632
10675
3020
15284
7439
23567
12763
151555
8641
8512
6359
17368
38779
34783
9074
15619
69901
58041
53711
25567
11604
52649
25465
14836
82052
20405
69156
10755
27717
19977
36303
5033
10917
24564
20686
51113
15038
97468
2384
14456
40865
7768
30761
33226
75359
5366
46930
8684
106621
42812
14607
18206
159826
31760
21919
38447
15606
17345
41891
93249
55059
54157
46594
69755
38253
27439
24327
85280
2052
64186
13505
84335
49777
40712
49292
12674
10324
74252
32023
43584
58950
8681
14538
17476
28413
29794
46156
36206
11287
27683
6805
65298
47182
52222
2131
107454
18064
45687
12665
16765
11415
17201
90069
59490
41742
147972
42465
77557
38788
31780
38306
34454
9837
62627
17255
20837
18494
49930
26823
4896
44120
52307
8464
118097
56807
12736
52027
26570
120050
25863
105277
11721
11538
72297
78272
123610
30347
26074
27092
59534
8746
19901
73594
87326
62687
64921
36267
81816
28841
32534
58035
77892
37110
89091
41880
79520
19141
3995
24333
17859
40055
28104
20004
20127
13566
108222
8372
20648
10799
18342
44311
6457
25231
57704
22963
14540
20292
131754
61368
149390
23395
5824
40129
10137
60262
42416
8420
48181
117425
47531
6758
24797
18963
13149
39548
3289
2220
4443
16154
20244
65355
27460
7366
68745
12343
18284
62241
17442
112315
43885
16831
3182
7822
23177
40451
94051
43900
41472
76729
66103
97635
21891
18464
157821
14701
4676
18450
17734
39637
56325
20493
27282
8841
46033
93449
31525
30782
37990
93042
57329
9481
38854
11418
39732
8764
17652
64045
114200
19329
25991
32476
57749
18869
29561
15254
75704
11150
76019
4057
129441
9829
114410
80613
5445
6064
20716
48638
30343
78705
34348
11020
56205
55392
19274
43237
15842
19730
72049
41574
44257
41313
8027
88902
80470
4777
64133
22383
24721
5445
62951
81601
47751
94004
26550
46445
51040
54430
10650
30072
22197
17282
37168
99308
38548
35676
24312
24965
57280
114770
30380
82963
47812
5675
34931
59039
19141
71618
23264
10163
50759
87856
4611
59822
116572
19159
46341
44235
55077
22410
27219
20832
19622
5146
27867
37500
3221
34853
18564
116119
30871
90303
9277
12230
62233
45873
8367
9589
10633
47598
22108
55513
51972
82445
86485
24192
22515
28104
10928
12432
10812
7424
18265
9285
7419
13835
129162
58634
30391
34060
99355
65295
5776
91671
8734
72365
63196
3141
68729
22288
19418
2436
97294
19112
11918
113824
13479
5567
6722
5632
76554
61684
24514
1521
117798
15023
67948
4545
71225
144577
27491
16759
11442
21811
23124
14212
9547
2695
108805
17434
20393
59745
61722
8158
42552
95700
21725
22171
25257
8793
12115
11411
93776
13221
75908
20820
129601
29826
74642
89594
54100
29240
54164
6004
40401
62399
60961
65120
54921
3406
26441
71427
67381
31087
6224
67708
59378
12889
20930
14696
37523
112042
22068
39513
29923
17637
112869
23113
9785
51056
57897
7486
56166
17019
9750
74148
19410
57456
69596
42088
140435
5887
49144
29344
99453
13823
5636
2114
5958
50690
39801
4351
100598
20973
23095
47767
21110
46881
21378
69695
9085
39771
62115
16388
33494
34816
97668
43521
17288
33196
24021
33183
90593
25763
2983
40292
6852
30217
11395
10624
31138
38807
14427
31767
10390
19088
11811
3184
72210
24159
15847
14300
45580
64442
694
75434
19425
23591
16650
18236
13845
22661
11644
7466
23359
40666
11753
52210
29115
12397
47338
37678
63918
18043
13948
8993
39782
10381
77770
47131
16807
22161
32657
64529
17205
18634
28783
7867
22959
72404
41547
16664
79808
86392
67274
70059
4711
20599
4212
1875
84080
963
42833
65160
31630
13176
26206
41692
114133
69150
51010
5854
16558
40432
36069
64674
61644
48354
77164
61043
6070
33944
38793
23534
477
110415
46874
12901
14936
21008
68900
30627
14845
21662
9555
107973
22088
6033
15282
8042
8357
60740
52147
109792
30512
66412
18241
64708
28929
69703
45566
42354
146144
12254
29944
42686
30561
28109
13797
3363
14798
41477
5251
86708
7555
49540
3412
20216
74237
62185
1141
19589
36968
21302
98554
17197
10732
1942
57000
11926
15105
7007
30730
60137
18428
26440
28128
35352
33025
47999
19569
8411
16113
47779
70527
14080
37745
19993
39350
45300
11669
45356
23693
74907
21624
9192
83555
10662
76456
9873
11554
31552
32298
1353
24369
27497
14819
33673
24063
81956
61707
39932
34043
19745
96153
7086
5031
103031
26541
44624
72308
8318
66128
35245
26092
37025
114462
96216
18382
58207
41992
13573
31004
14233
6980
87508
7092
23533
38857
54556
31040
100246
13955
32826
27031
43532
35809
48110
47632
32136
13863
60585
45900
19900
47181
26602
149194
135069
33478
56600
13759
10931
18398
63466
83300
11222
101601
4507
9630
13692
20620
50161
46589
30410
56188
54850
20718
4045
34580
68452
23582
30507
3064
9050
85589
24251
30547
39210
39352
52994
19549
21605
9585
40034
69417
34573
44110
53451
72519
9250
91036
34585
41791
6458
15856
59833
48504
26889
2627
2935
56716
3148
62364
10317
9642
49970
16983
18593
17402
27541
17564
46348
13464
63654
4509
122547
46256
26469
13106
3927
88588
46074
3817
4383
12832
45795
82629
61314
67514
77851
27939
37767
8850
42630
36873
20174
14519
84156
78540
5499
63097
28731
2465
14986
2288
8489
32523
53957
23600
47524
47100
76963
55348
37156
5071
46640
59383
85656
38257
3667
23034
17057
23382
8085
12943
30255
9778
11789
65710
23228
47295
3563
43108
26322
66788
27665
29533
50286
39566
38366
8924
22428
66724
77050
2313
5329
15628
71667
56960
31418
104415
17092
22183
24513
26506
24821
25554
23492
36097
37613
30973
33625
6467
10192
7069
67608
74383
10444
11449
76509
5901
9667
39181
8584
10359
54967
66470
96410
108090
28990
50325
38131
14982
99356
64310
30626
9122
23960
12388
17145
21700
42767
9218
68131
20374
20826
23513
7638
29807
19110
11731
19431
18498
43131
25904
100736
11724
57456
43119
17816
129459
35026
12960
59089
9499
51376
68881
110666
50385
23141
47008
12177
13797
5182
8148
26084
3361
19057
44000
7647
12195
26496
66895
18949
34650
122501
123432
32144
68740
127565
15912
61072
90297
41479
21920
71382
97984
54709
26536
5640
51838
67299
28394
29568
14952
65402
25425
98533
9331
32835
28758
37092
71932
123286
7545
100101
51946
71771
33360
127774
35679
20134
17997
59405
12340
22064
20361
28256
66592
93302
25548
22858
18262
27544
2596
51167
30096
32092
54206
76256
24179
42867
99392
22483
10381
39678
41365
33092
23962
88904
12625
50545
85121
30160
32892
112458
17126
45462
3984
5705
30480
33708
45601
111847
30195
53723
69575
14311
65433
11449
77230
33666
20220
50542
13761
10149
98525
10425
2703
46021
15766
74253
114051
6531
17536
25398
40063
114594
10633
39584
17648
59483
77970
21187
62989
63667
30778
118781
75402
16717
14289
31986
3831
61237
34846
16360
11500
13877
50390
8970
14141
18972
18770
42504
133877
60433
25924
23890
118315
8053
113504
30498
33562
16524
19429
24639
28634
28704
81858
16215
102377
17342
23524
16736
20741
58657
6991
27761
24199
3714
75640
143506
28533
89795
9947
25365
15148
72046
92953
52203
14278
4908
107901
33401
6768
46320
22005
56649
3807
96954
19677
80323
26262
7067
24120
39337
35108
29866
41993
42366
9889
28930
139194
22510
31802
82032
84852
30234
13741
10686
6932
75022
10170
8439
82513
46971
43964
24862
39276
51807
37135
34884
10833
21404
7256
77419
93356
29462
9064
24988
93099
48243
21358
13180
19349
50907
60749
58475
52240
18400
27572
35152
42725
48992
48864
60242
17351
82646
11700
35806
8394
85315
10674
45256
12308
43295
41875
8568
2899
98183
91016
14592
27097
21620
87924
69954
5692
10696
28516
49726
21367
10368
92395
13444
93313
41081
35847
32108
20085
17016
63265
16916
21401
53593
52382
20471
2687
8373
4253
48346
70323
54265
12492
49109
66272
30101
20230
4025
41357
24854
10980
30597
35157
11701
41624
49082
7873
21955
44833
20663
6713
81824
12916
140626
81539
56
13007
14721
56555
25518
147046
9506
42700
38422
85685
7622
90646
36156
7286
100300
39561
38553
18715
39535
34871
13734
36626
47215
57924
104552
38960
44761
19895
55810
43082
8749
57479
134285
8666
28349
43567
20693
18291
20619
87166
43934
5352
35083
78610
1739
51302
5393
14348
29277
19968
125331
55543
4701
153709
12394
12236
106025
32350
32374
37132
61723
51831
19775
15304
23427
8833
31842
32233
43228
3916
29299
21008
12081
32795
25242
30916
94807
56183
19827
22231
37809
15873
48300
34071
26862
43193
15669
155110
15921
7389
13262
32691
13667
14443
16129
13590
4600
37199
42090
88566
43004
39033
39065
9453
4430
27319
13002
70710
31446
16358
144293
84090
10273
52310
40782
76754
127004
1490
27866
68876
10047
124113
58236
55440
13547
26016
11140
44214
56970
44559
39969
46509
32547
51579
37831
20809
15513
61740
35325
38068
40982
18023
84024
121812
91981
20762
84759
14004
87396
39467
78997
60813
82049
45728
11371
44142
30339
18409
16648
44333
14122
37284
45737
77548
42297
26602
17310
6706
68715
4886
12525
13805
53963
15487
68552
4539
13917
20751
137062
9902
16014
52192
62946
90266
18394
84626
30650
46222
12786
12627
47991
78965
4446
42918
97079
69975
67110
11081
27662
17951
13228
70541
13124
39239
12337
26622
47618
7563
22874
46641
123240
4493
20086
65897
32074
68818
16675
44875
48741
38541
7348
36075
20016
38584
20706
35304
42810
12038
55790
14443
91941
10809
16266
87961
75282
26772
6800
45492
18489
88793
15814
11022
43961
71272
73974
27099
27797
9863
48615
38936
19810
50158
66966
68639
41332
128249
32171
13070
131536
6545
23218
9763
20465
7890
18284
20608
4595
23195
115184
32284
66458
7460
10809
23928
14157
5965
21912
6578
80516
11023
9221
60280
45121
52220
7919
65885
65182
68335
20396
52124
28940
30903
14302
17187
96040
110213
34601
43482
20432
63203
40011
66856
40277
58938
19542
64555
103011
83986
13878
5642
24831
75167
23433
34261
60408
4398
47357
4425
36942
7738
34397
14899
8806
19168
54968
30352
2918
21844
81956
81412
59332
11197
11520
7901
27329
37936
20122
29441
12664
11705
21628
56568
14890
96123
6698
22053
80658
76923
10599
56714
10168
52562
60776
4969
76257
7717
112045
50157
26573
22804
8484
15734
33524
70037
11969
9219
42878
67693
16335
2284
38826
87902
31447
23628
29141
38227
18341
33123
3718
22215
29583
40358
9832
43254
2954
11643
62285
45354
3986
21388
10568
148223
61947
3767
11914
5739
15292
7893
19379
14735
92057
59279
51232
86425
11857
25280
37726
20544
5262
67162
10087
28409
36975
38011
34894
170238
45196
51245
7839
83453
39006
1517
22049
46314
81667
8543
69483
29380
25812
73977
23613
71122
8688
15128
64201
30359
30919
28562
27675
88787
8360
20284
28945
17407
80754
45705
21800
31302
69939
30473
18431
6201
14566
89820
45844
38071
27084
107485
24913
18605
53292
72690
33362
150152
11403
17010
46712
67728
44080
4816
74374
58673
20347
79630
25449
72013
33623
49090
50994
22480
68154
6513
102522
20883
4308
39512
10030
26215
40594
27669
12805
74798
13917
14703
11309
41010
56163
15033
18021
9175
20010
72845
38710
1336
75331
40848
53426
29133
71838
60150
66562
12208
2192
19390
52195
23146
6075
28253
30844
7216
18370
50243
17567
6513
20943
57011
67912
22657
75397
11403
13902
11869
20117
56672
22662
99013
13801
14756
25473
105482
44414
30061
72735
18117
9256
14788
4085
59840
42733
25608
23638
15443
24394
82624
90712
35505
57595
44832
32327
2001
14283
5976
17045
69611
54320
9180
48730
10721
13930
56553
32796
75241
26732
6463
57937
27532
5948
31879
12825
15424
64297
65039
14615
101041
78268
45731
118687
114713
12845
33695
965
4729
13200
16900
30045
31044
42387
60586
132034
12334
23362
25597
19404
27265
75537
15692
105582
58705
61803
111486
79842
19811
100231
62456
29451
68406
51482
21514
37068
29147
58554
32663
5297
31061
4418
18974
17631
97068
65970
27572
83511
26205
10011
38005
27551
50029
122094
69917
32867
73475
19367
21853
21657
7273
58619
60959
43258
57963
47545
40217
4888
49874
15308
7124
4081
6295
41338
104573
49616
23421
54990
92714
21983
7997
56403
3303
34162
13445
10493
46858
31351
5426
19547
46194
68428
19783
98190
86783
17885
28964
12427
4861
27160
10621
9119
24479
38669
57066
22667
8062
116628
16070
20426
30845
119627
42421
23421
10308
7303
11254
35886
56844
73803
53783
46942
36353
3176
21968
77287
64671
80347
8347
59476
18118
15842
8328
23963
15981
82230
9221
24159
95125
26457
36487
10500
96489
6624
103971
61761
16422
32848
81528
62465
60981
39227
9496
4059
66548
34822
39197
40165
29177
37718
16393
7728
44783
33704
12201
56443
109629
20988
48744
38315
14990
11589
116295
43598
35436
12571
27157
28274
18474
30721
6042
9989
34197
35795
59456
48379
3735
67317
56228
64533
9477
14954
32519
16958
97655
60669
43594
11440
23236
121686
9620
42059
39102
22668
78952
92712
54919
14887
80439
33229
34201
14608
27912
57392
57456
26055
87939
66255
41929
14582
15468
64037
35274
53129
74603
16616
63642
15715
65290
66791
83719
97448
39665
89713
36127
14569
13750
17747
6831
99577
70698
95700
3315
5155
25337
97978
70987
32812
31341
51608
69146
10607
36957
58115
10085
11966
39794
45124
101172
84165
45707
64956
34627
27249
79266
49899
9356
58705
35025
34964
67379
56643
61304
10727
53016
3711
64953
48542
19054
29957
48712
50685
17615
42797
98751
8534
13393
6832
33756
1995
23420
35021
28863
15832
65334
49866
78639
33442
40192
47264
41524
2227
1939
104041
44123
84796
24901
58657
22708
10348
23750
4306
7833
18047
78394
62478
89666
50924
27822
14454
29906
24806
5371
48843
32327
33893
53125
41407
30995
78332
44593
7866
16014
4029
22128
111953
25835
37672
159081
14957
34247
9134
132313
30068
60860
12739
26183
19141
41379
12722
18813
37924
50217
10754
104674
49971
7106
57885
42086
50906
16092
10009
30097
34467
76583
13503
32971
23936
1547
30994
28481
74450
15429
31275
23861
1610
79562
9282
22062
25055
41197
24901
10664
21147
53393
16652
19262
91405
21032
7048
12569
32220
125586
37492
130144
18331
55179
27386
9563
5766
84518
28713
35347
42687
5465
29568
24477
77169
20496
41237
31019
7934
43503
42411
15895
38281
18862
12524
6548
28001
32688
10330
32182
82918
34490
28507
10420
28854
15641
86251
28105
92770
15360
58467
45961
7472
15672
7186
11308
29383
58182
13198
6174
6698
23343
41497
24144
47685
38217
45743
32634
11505
5448
4283
76402
4855
33419
28900
23421
59172
5284
19582
64914
52157
5857
56624
47285
75732
65460
60040
20710
60836
40404
81033
9927
34319
9836
49696
1533
59036
18159
50142
166888
33532
11743
7397
31009
34245
96261
40843
15350
10419
8752
1553
121234
53983
77645
102742
26301
29395
11890
17025
37344
55862
36077
38043
97094
19611
54855
6765
14156
21786
43273
15066
34256
40678
16681
55610
139690
10969
13316
5233
26402
81539
11154
52306
51840
18418
7432
129559
12077
14445
10972
6642
7573
70868
39769
38442
13005
60850
13498
72023
28483
30108
22354
55445
16593
25962
12679
13201
27270
21207
15505
31629
52378
37304
49957
31545
36411
6302
73035
66326
56076
171055
41579
40672
15269
39540
26862
112349
33204
33496
43966
3263
16259
92961
133536
23259
46679
26009
213592
54884
116765
12892
122319
61806
64947
76975
32010
20665
53204
10865
21315
50017
28537
23896
115887
6200
18667
25597
35441
51252
43884
34816
22939
30370
8655
9500
4949
21264
41996
8918
105071
44376
22190
56117
30068
107308
100709
32855
18086
87865
35951
40331
10967
48740
27075
99664
5994
55375
30041
33290
27130
29340
11850
97940
45130
27342
21765
57520
41533
19878
54753
49918
53787
20628
36775
18319
42555
21683
11561
98852
56879
32195
19116
30469
27407
122796
41418
10208
12768
18384
28181
30950
49787
12949
11380
83711
37289
55870
85493
29468
79086
45200
16160
47254
9444
69967
1486
11188
44239
78429
18912
22146
54038
54630
15287
29551
11357
10571
39715
34153
22591
55672
26722
30352
64121
66535
77490
18561
12889
29019
16720
94253
6974
74833
35806
51525
25965
29137
63207
46592
9145
115784
5022
16479
47713
60055
10244
55783
52590
52319
32010
50698
48771
46713
32305
20586
10708
54746
12395
133848
6235
19101
15289
133554
95182
43484
17165
14487
67268
12501
23179
28665
29026
8811
14966
67392
9034
23332
35100
24265
12397
22605
47422
13401
73325
15391
64346
16998
47098
53518
39648
48918
57150
15370
197362
44708
19697
15466
64012
59455
16145
61389
14840
24444
55166
40949
5947
18935
17817
108974
36072
36736
11175
9970
38631
26283
52092
65142
72341
2430
73703
39663
38978
8735
23889
22866
5858
14543
8114
5460
17682
119083
15959
24907
11479
8807
3440
27427
19499
108212
18091
8786
72888
23334
83058
44665
2161
2329
10464
36723
35719
28598
64764
1110
9989
25588
42763
74364
56233
4242
68427
25149
31007
19497
11795
33662
31914
23027
26879
40714
33583
136613
51188
51625
52349
27478
51623
7539
5748
29794
59140
25528
116104
16425
24002
1532
59382
3017
54076
26957
18332
26486
17181
18799
13231
50004
8941
11187
13329
56104
56918
45679
13178
9129
68154
30331
139917
32808
104959
27080
39709
17970
29141
49638
13997
16606
44404
9494
2967
94757
34212
14347
25127
9012
4381
70618
104722
47188
18754
79963
19086
39543
56365
7352
9072
17133
44485
27392
34333
20190
3220
5570
11368
13116
59890
4729
82172
39580
14768
13742
79841
59518
68843
54900
27551
43406
8252
81379
44161
15923
71898
32809
3806
22474
5296
26907
64111
33291
11475
35023
24923
44688
53595
12250
38361
17062
29097
21949
79430
69992
4738
79232
33838
14324
33885
31339
5924
12827
36497
8051
32507
6946
1876
6117
27617
18034
90824
48961
16006
58335
15239
13941
8705
35778
45729
33307
7256
21663
10494
18378
137831
34075
23573
18620
75111
132202
5531
22598
41437
18349
8906
86318
22122
2930
34956
46890
5499
75049
10753
50813
97985
29171
93286
11565
32584
9676
11612
112993
4863
62617
124628
25980
17623
21446
83187
13119
45053
32785
27929
89503
28956
25632
52985
15849
8061
7543
8451
20793
14804
47559
139768
54508
135827
50271
36268
7591
9174
37559
89187
40311
48659
53356
37865
11444
38266
25552
109846
39054
84983
21883
77902
31636
8695
19938
52451
75424
53248
31268
13537
104104
13053
53723
29198
11110
24549
59232
21200
21106
32007
77323
13416
86670
55914
114919
14478
61812
57871
11157
35662
84518
49724
9072
89053
22307
62773
45286
87240
24605
20476
3368
35523
47348
23215
2975
23377
29328
53530
16078
44609
29476
149579
96155
74355
3791
6678
93918
88808
5754
63103
51083
31346
13274
18792
4208
14147
20595
25763
114560
26352
12238
19122
16113
65305
73333
51530
70404
13251
32921
50661
40270
71855
45503
21426
112649
48160
6986
73213
34934
5852
112044
131936
12319
127664
58582
14275
47856
45953
12301
6948
76240
18543
51226
10975
2366
86665
13281
5276
38971
25065
102550
4449
79334
37758
70600
13565
49253
51092
14394
26324
54363
19702
12822
22574
60756
42618
2385
10622
35661
9949
126066
12164
16179
40470
65322
39142
20109
17001
20517
54143
22420
12380
6575
33311
37996
7637
37267
11849
11533
15398
42111
39638
18744
72153
30445
27129
41579
33606
22776
63152
44380
23384
47108
38464
63433
28109
34992
110173
30518
19823
29233
55811
23969
17986
14088
16211
9612
28197
34003
86036
11380
65011
22329
23397
12073
25509
5144
16428
19127
59992
7422
12053
32982
21610
3329
59996
51436
65613
25721
52953
57947
60429
19297
41921
5484
59733
26695
17012
38691
77048
17228
8122
3218
14279
10007
8780
15787
47798
13918
202182
47562
36239
2485
5526
7430
12393
111481
11502
62392
33579
82983
55844
18227
5605
13658
85183
40754
54969
42563
52748
22761
15973
13224
95043
16152
71758
8899
3717
12308
12063
66833
21664
62074
94333
31726
6691
55944
36041
59743
9746
50048
13415
32641
30421
10092
51850
83002
88606
20977
23585
68516
80730
16158
20219
61694
32870
55428
47783
58778
15301
7554
34058
75523
18409
7405
15856
20345
11420
12264
10086
889
10676
79306
22327
84821
96570
26566
19763
45867
52632
53178
7241
17943
17153
5060
89304
18751
66782
7875
98605
9672
36651
70318
83622
8695
58065
18411
22629
5660
71878
29016
56216
16091
23585
11314
18857
43169
6715
50715
69177
25486
56970
25307
45351
57389
18674
58681
89046
109261
105978
2298
58258
58411
35287
13883
66484
34471
24311
94472
5779
12389
42188
37195
34941
33508
22577
83909
36347
45726
86254
27167
30423
67803
2338
20785
48555
108496
27458
20274
23809
5417
109875
27024
29865
32154
58031
24455
56028
50636
41536
58602
91162
57562
17309
8076
16239
36181
2249
6179
4363
33295
17186
26640
43662
15312
35141
15584
18336
35118
50987
82140
53979
107449
94077
5625
61420
11206
50736
28638
37152
26398
14072
57594
25415
24789
9266
34828
35271
57101
34733
9129
81189
6741
15405
66285
116039
76286
42777
39426
55481
30389
52516
32610
75756
3161
21983
43668
11887
20611
55901
6708
26619
201465
19002
67228
46957
56076
15962
50694
4733
23674
57611
24922
43214
56641
22760
82313
36239
99967
4590
32822
8918
2558
7188
26316
14731
11956
50272
77000
66359
33619
123598
12203
66602
5315
62705
54594
4336
101321
24194
4837
28415
59644
9023
33903
12224
24066
45174
54538
30853
20369
22714
42223
20847
29674
33513
6289
26557
5194
1822
38955
64051
65282
21890
21340
13183
68848
15337
14414
151199
89985
43523
34563
96517
19089
4824
7279
12933
20067
45476
50137
60036
23702
47155
146737
7194
70854
17462
23250
55630
13125
6608
33139
11490
26662
3489
23384
9670
59841
12902
9904
39596
15557
28260
40366
11200
31622
9722
49731
35626
50426
2750
97855
13308
23970
7057
36516
21271
17001
23342
23368
16278
32186
15143
79194
67108
23273
44863
124335
76576
38799
5364
17063
34824
86926
32475
47464
19564
49000
29573
22137
44168
25015
113598
81286
57134
53701
1373
54723
8144
6046
50038
12364
50345
13375
7293
17950
61843
15394
19805
71246
51523
48451
9917
59847
70686
73601
24529
38788
54125
70158
15338
58235
110670
68164
5444
16524
11665
18073
60972
29608
132781
36562
26588
29976
11703
13274
8027
19658
8486
9472
26900
70333
39385
69403
17320
14847
12936
9447
26256
40189
51419
9912
65714
83545
42995
25034
22413
6521
23865
5204
4958
30667
60033
86348
17724
24982
93781
24230
32511
11039
17846
17538
16297
15240
99792
87785
50983
72730
32515
48260
8198
56451
117980
17669
25498
6749
10834
28547
42441
24418
54172
20316
16003
8628
21210
88609
52189
34577
65483
23381
15219
71668
39288
14091
26000
15849
63279
49744
64594
5570
10158
14729
16821
8708
42716
122122
61182
139621
22287
18038
32027
38277
56385
6497
48285
17615
56347
22824
3837
2054
78428
8783
24739
9952
4907
16430
93574
17274
40109
104912
167049
65857
37707
10911
8023
2866
37935
66341
4743
11018
4500
18560
55906
15957
5708
67438
49443
59920
98720
19278
7832
42562
80323
81197
11903
31372
113603
14756
61364
15083
20302
45029
18406
5395
7766
6542
32727
52870
11955
14073
58387
57795
80138
42773
8484
59855
27825
41177
9817
18109
39286
75328
36834
65830
112925
15621
32745
28878
84392
29358
64903
75026
60976
60945
19461
5573
95314
10978
4699
50297
18591
37805
5931
15456
18337
35050
32538
91744
25598
2790
2554
35081
43729
78146
11865
8415
27307
48874
129771
73402
48930
4681
58512
63985
65857
3474
91814
35051
35733
124005
36712
48974
40659
65107
57336
68085
95471
25319
42453
67148
40645
26248
56182
37604
9926
40353
21011
81591
13611
148261
9707
20690
15654
32801
31804
40203
24175
25332
39436
70692
33608
69807
54168
10717
12948
31772
52383
55828
12274
32525
11712
24434
10055
62430
34263
117040
52296
14040
172567
16551
89219
11274
36131
75929
33346
32125
18556
57628
7117
5386
7219
25714
51095
79460
67806
21854
53657
34582
36100
24255
41877
46273
8893
11348
19787
79819
15278
131249
39963
25131
38675
62317
55108
87863
103580
29754
73344
58386
9982
2391
3241
17698
20799
37400
27030
3154
48688
12536
1271
34115
75754
77878
7298
45462
53536
34020
74898
19094
18489
6802
17246
57177
57880
49327
30997
12900
32729
49717
25714
5094
40208
25955
38151
26171
15290
4332
81176
53928
13944
35525
140616
30772
29614
84759
71145
29959
50081
10822
63892
2805
12209
49651
30527
48462
59863
6835
23278
9606
129531
3219
21555
2918
12882
33748
29689
47133
19204
75493
22318
141629
17403
7962
21627
86332
15885
92113
80442
9898
32455
47634
12131
7918
45851
15270
76543
46010
92705
38828
14592
31746
26025
9235
9041
14854
129791
53826
1663
48569
31798
18649
2584
82167
152940
2032
44121
9538
10452
32446
27012
21073
28127
8870
61161
4346
11204
53780
36219
26459
29373
78800
7866
113139
26714
3898
13212
9659
9455
43132
86351
35294
56618
85132
69188
6390
79654
22596
75819
13807
56898
28664
30635
23635
69159
89853
18580
22099
64260
10278
34891
6158
54932
70231
17526
49548
107835
46478
11366
7971
43568
92188
99437
4510
80311
16755
34343
123560
8575
25418
25616
6950
70211
31038
39668
30017
33542
30599
88349
60408
80206
14582
73743
44321
133927
40264
3162
35382
36225
22438
8443
7011
25728
22298
46839
53222
22207
29123
37934
12952
17749
19232
26274
5254
63370
35359
5462
64105
70815
35800
64544
67357
37778
82472
27478
19492
22246
42984
104321
54567
38742
23914
19385
6541
45409
33760
43246
108942
22759
35521
28530
52736
68113
62921
16292
16674
5143
9341
69041
33863
31682
107301
4191
10219
85456
9487
41034
6110
62490
10993
30280
70206
92025
82958
53359
67106
922
11316
37545
10403
31702
37007
29596
85271
13589
4631
12671
42371
38014
16198
29417
62739
23548
64717
61631
79085
46401
11235
6106
45112
94813
28953
29306
15244
25313
7647
31819
17593
41798
2514
15130
38289
89705
54699
37207
54261
30069
59668
28512
122668
125637
14728
53582
30263
5766
60308
59171
25312
672
16562
25621
61370
42824
26754
25053
11365
20926
37500
98920
21373
6381
26185
113467
12220
6697
6315
73471
37464
68222
79390
5704
73224
31296
45359
26971
57158
16859
76520
19073
15092
37871
31960
8822
35239
18716
130394
5759
60004
12163
24539
22460
19799
26862
3884
130605
94205
49039
72161
12091
40283
55069
5532
42821
23724
16771
17948
100980
13958
11867
142399
70448
58285
31374
56666
8666
76055
16862
70040
77509
29715
51300
21646
42820
33181
33814
16587
110416
45712
46044
4556
17418
16862
34311
37577
74195
24876
11986
64774
37330
62596
3063
7768
37887
120694
17783
66926
9186
46974
40357
35617
12843
22574
97332
9431
10077
4634
53034
18572
127103
14047
16060
23899
26660
7855
41148
56466
21958
2393
23539
97304
19528
28350
37979
45272
13775
9235
32661
18974
16864
25572
28130
132474
50877
59494
40545
49113
45222
9444
138603
10885
135674
5101
29684
27354
79048
10830
84039
34724
45194
27700
29268
93724
62861
6902
11847
80799
28949
91012
10761
11915
23646
63922
90968
11771
4542
6518
30473
10103
71370
40721
9681
53894
51816
35385
28749
31207
10250
123808
48420
17666
42396
104323
12991
60207
140525
12966
37710
56990
11304
14339
20580
33870
1154
12107
35432
9720
45207
49299
8290
18500
21924
9677
6804
56122
139924
91826
7380
111289
29540
174612
6690
81163
16229
5635
82747
25729
4069
34526
50474
57810
64022
39496
50384
4027
17700
54156
3477
78552
27525
22627
45785
5216
115977
39454
30466
60471
45453
75239
71364
17905
1212
6699
27816
27153
78283
100627
47685
51527
59448
82757
1900
18918
4278
65921
34756
12156
13960
36214
23628
8544
29930
53079
65247
45250
57151
145855
13627
41796
21396
115527
22783
20540
10906
41704
116882
81948
27061
20408
6885
7327
171000
15550
9987
42043
80992
101441
79891
42066
14809
32674
42400
50942
37681
23372
12447
6779
37011
107058
28610
81912
9041
35628
50733
33052
8512
16955
2678
979
20715
5616
56647
10189
42924
21327
73131
23565
36196
9911
61410
42125
14952
43934
16005
122772
2433
40796
29384
24015
48388
50807
49605
12882
71519
27995
48023
45808
50333
116561
15866
69577
53063
75028
24013
122356
28126
9420
4674
52037
33030
34972
28525
36568
56084
18206
20618
7846
6871
3018
56915
27507
16359
94141
26252
43559
60087
22140
101736
40383
23815
14965
8753
33167
13070
45139
28005
68043
23610
92243
107057
31679
70617
10028
38834
29350
15734
79398
53145
51374
15937
30758
69656
21445
4138
57684
12951
49876
11492
43584
132749
70565
14295
3682
5459
35316
44780
111826
57388
73643
40968
87994
4395
45813
25766
39182
28887
23821
26655
116027
105139
6482
15318
55622
14689
3822
9573
65135
43833
37427
41206
122308
93289
66314
30691
82466
3900
53836
14365
20973
58444
3283
94456
28902
74126
11778
35035
63440
9688
47880
9158
19002
14164
57983
47543
10546
7648
2948
15287
33120
5189
41048
6064
85639
9870
16568
25717
20058
14628
19807
72776
52727
24639
53256
41829
60286
36781
14412
58109
24221
23757
8823
22962
57842
11776
82431
94673
38380
14539
15278
38070
30643
42070
4990
41568
2932
45031
66444
27054
28930
104682
34962
55047
9742
20474
17610
30997
26798
5621
29858
46265
21875
4178
11687
20999
95154
22098
68170
65006
14520
32308
24346
55454
113321
43653
37420
19809
91634
26767
34405
83327
76312
12030
85177
50354
59169
28171
75897
31804
98512
81548
63566
11361
58440
10855
75479
31531
15594
40567
10203
51039
68399
71834
35270
49749
64829
107596
14830
33189
71412
6820
13330
38288
48344
20014
21390
39881
36320
7471
77143
85760
34003
41759
73271
6813
46511
16937
26836
48661
13800
31258
36762
9820
12737
14071
25694
15602
64838
54865
6690
46904
80826
77262
23743
15091
34363
63673
86807
7909
60743
33226
36224
81403
37835
65266
35026
11394
11320
66491
8499
91632
1991
95428
8945
125244
48853
142941
14719
71567
10000
85315
21209
50920
67419
56045
26331
22230
11867
53231
40064
94852
9829
43491
5617
15305
3491
34203
42627
4263
124533
94155
19311
72293
110353
7660
134371
66702
5672
8035
5027
29037
60133
111887
24562
22095
10345
16372
121225
111293
4524
8891
25201
6369
28875
122438
25247
35025
12659
6325
22847
3167
52296
22227
83174
65353
19243
2037
29001
29677
17767
16477
7656
59249
14007
36157
89074
17896
90982
36137
48109
19737
68709
43470
30263
58647
41920
30490
12631
9239
32963
40561
35424
17994
1456
15624
39917
24643
7225
66152
12781
123357
88660
72169
56207
34524
76564
31390
3951
139921
29734
30522
58568
70081
88622
39926
15513
32257
17837
7028
62836
48740
45542
41851
106950
4771
73935
132804
9288
49678
21374
27795
36058
22527
33102
45781
9398
5145
38800
44729
77413
9480
40285
13051
167278
10915
63723
40346
89089
6933
80923
89335
41885
9984
12106
43823
28839
30072
55955
83894
44143
39704
97678
28250
74546
53728
84364
22577
18284
26941
60997
68706
52793
6389
8172
10896
53234
7154
59367
27043
54763
32216
62561
54690
31166
54061
20971
52782
31328
54266
73671
23214
38575
12233
14842
9782
37430
35572
91832
60369
35018
43770
36695
25349
9851
10977
12826
30118
61681
20642
8837
7596
16754
136400
3337
11105
37208
20816
79089
50430
9336
76111
90421
50482
9855
22982
39709
22445
45493
27078
43205
3831
118083
38041
65307
86532
16572
82712
73855
8010
18774
18056
61742
70254
41514
34706
25579
37245
19617
9384
5806
71915
134070
14860
13454
68748
66544
54295
6658
6345
13891
55907
23942
16474
45778
105355
3360
85861
23506
9379
69222
41984
27548
12608
27481
3628
29028
22259
11099
35000
49111
15226
11722
26538
504
11746
75327
78649
25993
20912
38577
9133
13992
103795
104339
146669
17752
51380
36107
80847
18797
32176
74379
56840
10086
50271
66558
87245
15335
20460
43239
5175
61488
17240
33597
37370
33358
27043
39888
11161
14308
13791
17718
128957
14541
63267
47495
43991
20863
60629
35633
19129
43003
106080
125298
19393
23392
38118
10507
41367
11022
46115
15375
36435
50429
22051
16728
25516
59671
12824
27594
6443
23870
9359
24962
29920
5962
39649
52311
16070
36024
54489
8525
47436
13738
92246
54985
36977
82932
32527
23856
11172
12987
21258
37979
51504
14572
59472
94974
48743
20256
22516
32665
17011
59491
39411
7154
13227
2776
15301
11473
40136
15226
51636
55138
15177
29705
11248
38044
78541
9607
13225
63244
105735
32785
41340
75901
13381
59504
79392
4862
10205
25199
35177
34831
34938
8088
10612
36948
4491
13504
24412
46872
7720
97704
26930
27544
7350
7710
44290
20747
7921
64666
73481
23750
45185
133163
13004
41138
30116
28400
10837
26725
92580
97906
58946
5504
25582
58039
18464
12924
24825
43776
15491
14085
19195
40788
68570
11377
35158
11680
31066
38489
7993
112580
101869
8375
6002
8468
7426
59869
91276
20554
54937
8463
26709
43423
7656
40367
14306
17824
142612
23283
5691
100728
26390
18211
10686
6323
59024
90993
6908
85657
20039
27900
28962
44991
10947
5045
45765
64902
8240
47813
103498
18844
15373
5384
19530
37052
16071
9752
76841
8585
68060
45954
40184
109656
77232
8154
25202
13400
12769
68394
7782
4000
103551
69234
13800
14095
5758
85153
102418
89942
67762
107542
66115
13198
35767
8424
52194
21164
56298
16528
53907
17564
18149
33992
41011
1491
12484
17007
34452
28791
2942
4142
24392
6407
6971
13503
7804
30422
63303
55783
6079
16022
8733
81722
4797
34381
28608
87223
11678
10528
27155
58318
26855
61441
16305
89833
16905
3069
17773
35559
3216
22491
20028
18097
45041
8830
3169
70742
65595
15932
38853
47986
91300
28185
8220
11279
75347
81857
52205
69568
32138
79675
13245
97664
7892
16982
33039
24479
2477
33446
33091
51584
20064
25789
20820
13700
95537
16954
11566
26156
6846
21587
29909
7722
37984
59437
113339
71757
5443
35247
23054
21304
22064
57381
24272
24948
8144
69544
37614
7470
14406
55821
13933
18607
72966
67490
2179
5524
44167
12634
97024
65771
66501
41523
58474
27766
47006
27950
53798
25348
26319
39403
49446
79110
40681
26097
29396
2383
11129
46692
37472
44477
4064
2859
14152
22682
40853
30084
9930
8333
29799
17887
13923
42942
33771
15943
28400
7850
4183
3412
21334
55450
29608
13816
57848
67988
53521
28832
83979
3501
38970
10036
9585
5028
45388
4283
10994
5013
14472
28268
5138
15579
50688
58814
55051
21527
3921
44154
18526
5162
15179
35121
7659
73559
29915
56528
24683
46189
13749
83215
17083
42090
66575
35395
8871
54435
24293
4521
85673
9666
32408
1340
25579
66742
62377
15604
2556
59767
106231
80039
9633
114704
29951
26926
87853
60719
18444
73950
25315
52445
36252
7164
45797
41125
94166
6761
48488
15155
11132
40152
16949
14269
8946
14517
62986
21373
19855
29881
57145
56782
31215
23156
42702
70366
51903
41450
47495
40956
62650
17941
31751
78418
69973
7241
26845
12730
73192
10859
12430
7124
60784
27968
16153
5769
4966
18331
8444
12739
68983
12529
15634
58446
29313
21528
78117
85649
47536
3119
13622
16319
23275
96525
69840
73653
11353
51974
57600
21428
53834
15725
26872
17633
43118
51134
53832
24325
19261
25928
83036
34554
17100
117254
4127
7578
86509
59144
39082
89836
5393
65869
35793
41701
99997
27647
24692
70897
66235
170763
19642
18972
31112
52262
22005
11750
89909
61894
28342
6051
6604
12925
30387
54282
102505
14190
88465
15423
11528
12308
35418
12233
6933
1968
33113
20825
13470
21329
22717
27991
15507
39917
50947
26440
67549
20089
39742
26561
64859
12656
9734
52599
26655
28847
18298
81380
129604
14248
52372
94052
110053
37557
124592
113668
34937
60012
19880
45618
19719
81805
25566
75904
16795
32306
13256
36483
35984
32103
38062
95174
74202
49590
73718
41729
5445
63825
36836
21639
3496
128681
12181
32717
91384
6411
9660
79895
28924
34956
70034
5689
61503
15951
67890
3081
40570
61811
14459
17967
48220
88606
13774
8289
59403
79208
79757
19062
42741
51363
23850
127016
5383
34886
65778
59792
20474
55793
41365
100683
11699
11791
35552
28016
8618
83446
19700
105115
8833
34563
73873
7506
48015
38102
73860
14392
33541
55144
30786
76824
59916
33041
25272
27067
20130
21051
8173
47599
123489
15728
59770
19416
9425
39556
40875
37147
