1.0
1.0
0.9962
0.9976830398517146
1.0
1.0
1.0
1.0
1.0
1.0
1.0
1.0
0.9951325040562466
0.9772727272727273
1.0
1.0
1.0
1.0
0.9866666666666667
1.0
1.0
0.9965706447187929
1.0
0.9884057971014493
1.0
1.0
1.0
1.0
1.0
1.0
0.9940035273368607
1.0
0.9950738916256158
1.0
1.0
1.0
0.9984126984126984
1.0
1.0
1.0
1.0
1.0
0.9975855130784709
1.0
1.0
1.0
1.0
0.9994632313472893
1.0
0.9852272727272727
1.0
1.0
0.996415770609319
1.0
1.0
1.0
0.9882352941176471
1.0
1.0
1.0
1.0
1.0
1.0
1.0
1.0
1.0
1.0
1.0
1.0
1.0
1.0
1.0
1.0
1.0
1.0
1.0
1.0
1.0
1.0
1.0
1.0
0.998109640831758
1.0
1.0
1.0
1.0
1.0
1.0
1.0
1.0
0.9968279143536876
1.0
1.0
1.0
1.0
1.0
1.0
1.0
1.0
1.0
