1.0
1.0
0.9985974754558204
1.0
0.9890992541594952
0.970108695652174
1.0
1.0
0.9742198100407056
0.9839034205231388
1.0
1.0
0.9971583570136916
1.0
0.9983739837398374
1.0
1.0
1.0
1.0
1.0
1.0
1.0
1.0
0.9895104895104895
0.9588744588744589
1.0
1.0
1.0
1.0
0.9969834087481146
1.0
1.0
0.9756521739130435
1.0
1.0
1.0
1.0
0.997078870496592
0.9990147783251232
0.9960861056751468
0.9958960328317373
1.0
1.0
0.9882459312839059
0.9921568627450981
1.0
0.9764705882352941
0.9977477477477478
1.0
0.965625
1.0
1.0
1.0
1.0
1.0
0.9947089947089947
1.0
0.9916666666666667
1.0
1.0
0.9986363636363637
1.0
0.9566666666666667
1.0
0.9985890652557319
0.9805194805194806
1.0
1.0
0.9891891891891892
1.0
0.9966101694915255
1.0
0.9980769230769231
0.9994425863991081
0.9976689976689976
0.9976744186046511
1.0
0.979933110367893
0.9983193277310924
1.0
1.0
0.966183574879227
1.0
0.9958904109589041
1.0
1.0
1.0
0.9571428571428572
0.995483288166215
1.0
1.0
1.0
1.0
0.9858870967741935
1.0
0.9971231300345225
0.9974747474747475
0.9824561403508771
1.0
1.0
