1.0
1.0
1.0
1.0
1.0
1.0
1.0
1.0
1.0
1.0
1.0
1.0
1.0
1.0
1.0
1.0
1.0
1.0
0.984
1.0
1.0
0.9972565157750343
1.0
0.9971014492753624
1.0
1.0
1.0
1.0
1.0
1.0
0.9971781305114639
1.0
0.9960591133004926
1.0
1.0
1.0
1.0
1.0
1.0
1.0
1.0
1.0
1.0
1.0
1.0
1.0
1.0
1.0
1.0
1.0
1.0
1.0
1.0
1.0
1.0
1.0
0.9976470588235294
0.9843260188087775
1.0
1.0
1.0
1.0
1.0
1.0
1.0
1.0
1.0
1.0
1.0
1.0
1.0
1.0
1.0
1.0
1.0
1.0
1.0
1.0
1.0
1.0
1.0
0.9987397605545053
1.0
1.0
1.0
1.0
1.0
1.0
1.0
1.0
0.9992069785884219
1.0
1.0
1.0
1.0
1.0
1.0
1.0
1.0
1.0
1.0
1.0
1.0
1.0
0.995164410058027
1.0
1.0
1.0
1.0
1.0
1.0
1.0
0.9990649836372136
1.0
1.0
1.0
1.0
1.0
1.0
1.0
1.0
1.0
1.0
1.0
0.99812734082397
1.0
1.0
1.0
1.0
1.0
1.0
1.0
1.0
1.0
1.0
1.0
1.0
1.0
1.0
1.0
1.0
0.9822695035460993
1.0
1.0
1.0
1.0
1.0
1.0
1.0
1.0
1.0
1.0
1.0
1.0
1.0
1.0
1.0
1.0
1.0
1.0
1.0
1.0
1.0
1.0
1.0
0.9956709956709957
1.0
1.0
1.0
1.0
1.0
1.0
1.0
1.0
1.0
1.0
0.99846547314578
1.0
1.0
1.0
1.0
1.0
1.0
0.9714285714285714
1.0
1.0
1.0
1.0
1.0
1.0
1.0
1.0
1.0
1.0
1.0
0.9994805194805195
1.0
1.0
1.0
1.0
1.0
1.0
1.0
1.0
1.0
1.0
1.0
1.0
1.0
1.0
1.0
1.0
1.0
1.0
0.9988172678888232
1.0
1.0
1.0
1.0
1.0
0.9969093406593407
1.0
1.0
1.0
1.0
1.0
0.9841269841269841
1.0
0.9943502824858758
1.0
1.0
1.0
1.0
1.0
1.0
0.9977324263038548
1.0
1.0
1.0
1.0
1.0
1.0
0.9984615384615385
1.0
1.0
1.0
1.0
1.0
1.0
1.0
1.0
1.0
1.0
1.0
1.0
1.0
1.0
1.0
1.0
1.0
1.0
1.0
1.0
1.0
1.0
1.0
1.0
0.98828125
1.0
1.0
1.0
1.0
0.9152542372881356
1.0
1.0
1.0
1.0
1.0
1.0
1.0
1.0
0.9987157534246576
1.0
1.0
1.0
1.0
1.0
0.9988344988344988
1.0
1.0
1.0
1.0
1.0
1.0
1.0
1.0
1.0
1.0
1.0
1.0
1.0
1.0
0.9983598875351453
1.0
1.0
1.0
1.0
1.0
1.0
1.0
1.0
1.0
1.0
1.0
1.0
1.0
1.0
1.0
1.0
1.0
1.0
1.0
1.0
1.0
1.0
1.0
1.0
0.9984905660377359
1.0
1.0
1.0
1.0
1.0
1.0
1.0
1.0
1.0
1.0
1.0
1.0
0.9990862016448371
1.0
0.9979068550497122
1.0
1.0
1.0
1.0
1.0
1.0
1.0
1.0
1.0
1.0
0.997920997920998
1.0
1.0
1.0
1.0
1.0
1.0
1.0
1.0
1.0
1.0
1.0
1.0
1.0
1.0
1.0
1.0
1.0
1.0
0.9922600619195047
1.0
1.0
1.0
1.0
1.0
1.0
0.9989743589743589
0.9948387096774194
1.0
1.0
0.9813953488372092
1.0
1.0
1.0
1.0
1.0
1.0
1.0
1.0
1.0
1.0
1.0
1.0
1.0
1.0
1.0
1.0
1.0
1.0
1.0
1.0
1.0
1.0
1.0
1.0
1.0
1.0
0.9882352941176471
1.0
0.9897058823529412
0.9922630560928434
1.0
0.9945652173913043
1.0
1.0
1.0
1.0
1.0
0.9991666666666666
1.0
1.0
1.0
1.0
1.0
1.0
1.0
1.0
0.9982954545454545
0.9877450980392157
1.0
1.0
1.0
1.0
1.0
1.0
1.0
1.0
1.0
1.0
1.0
1.0
1.0
0.9976608187134502
1.0
1.0
1.0
1.0
1.0
1.0
1.0
1.0
1.0
1.0
0.9903381642512077
1.0
0.9987071751777634
1.0
1.0
1.0
1.0
1.0
1.0
0.9995324918186068
0.9966832504145937
1.0
1.0
1.0
1.0
1.0
1.0
1.0
1.0
0.9947916666666666
1.0
1.0
1.0
1.0
1.0
1.0
0.9959595959595959
1.0
0.9930555555555556
1.0
0.9934123847167325
1.0
0.9979338842975206
0.9992263056092844
1.0
1.0
1.0
0.9967213114754099
1.0
1.0
1.0
1.0
1.0
0.9984674329501916
1.0
1.0
1.0
1.0
1.0
1.0
1.0
0.9988954344624448
1.0
1.0
1.0
1.0
1.0
1.0
0.9964912280701754
1.0
1.0
1.0
1.0
1.0
0.9825174825174825
1.0
1.0
1.0
1.0
1.0
1.0
0.9980237154150198
1.0
0.9979134063641106
1.0
1.0
1.0
1.0
0.9936034115138592
1.0
1.0
1.0
1.0
1.0
1.0
0.9743589743589743
0.9991043439319302
1.0
1.0
1.0
1.0
1.0
1.0
1.0
1.0
1.0
1.0
1.0
0.9846743295019157
1.0
1.0
1.0
1.0
1.0
1.0
1.0
1.0
1.0
1.0
1.0
1.0
1.0
0.9883449883449883
1.0
1.0
1.0
1.0
1.0
1.0
1.0
1.0
1.0
1.0
1.0
1.0
1.0
1.0
1.0
1.0
1.0
1.0
1.0
1.0
1.0
1.0
1.0
1.0
1.0
1.0
1.0
1.0
1.0
1.0
1.0
1.0
1.0
1.0
1.0
1.0
1.0
1.0
1.0
1.0
1.0
1.0
1.0
1.0
1.0
1.0
1.0
0.9990444338270426
1.0
1.0
1.0
1.0
1.0
1.0
1.0
1.0
1.0
0.9982837528604119
1.0
1.0
0.9923076923076923
1.0
1.0
1.0
1.0
1.0
1.0
1.0
1.0
1.0
0.9936868686868687
1.0
1.0
1.0
1.0
1.0
1.0
1.0
1.0
1.0
1.0
1.0
1.0
1.0
1.0
1.0
1.0
0.9991769547325103
0.9964580873671782
1.0
1.0
1.0
1.0
1.0
1.0
1.0
1.0
0.997240835632637
1.0
1.0
1.0
1.0
1.0
1.0
1.0
1.0
1.0
1.0
1.0
1.0
1.0
1.0
1.0
1.0
1.0
1.0
1.0
1.0
1.0
1.0
1.0
1.0
1.0
1.0
1.0
1.0
1.0
1.0
1.0
0.9974863845831587
1.0
1.0
1.0
1.0
1.0
1.0
1.0
1.0
1.0
1.0
1.0
1.0
1.0
0.9965034965034965
1.0
1.0
1.0
1.0
1.0
1.0
1.0
1.0
1.0
1.0
1.0
1.0
1.0
0.9799382716049383
1.0
1.0
1.0
1.0
1.0
1.0
1.0
1.0
1.0
1.0
1.0
1.0
1.0
1.0
1.0
1.0
1.0
1.0
1.0
1.0
1.0
1.0
1.0
1.0
1.0
1.0
1.0
0.9986813186813187
1.0
1.0
1.0
1.0
1.0
1.0
0.9893333333333333
1.0
1.0
1.0
1.0
1.0
1.0
1.0
1.0
0.9967611336032388
1.0
1.0
0.9757575757575757
1.0
1.0
1.0
1.0
1.0
1.0
0.9982683982683983
1.0
1.0
0.9976345357776464
1.0
1.0
0.9950592885375494
1.0
1.0
1.0
1.0
1.0
1.0
1.0
1.0
1.0
1.0
1.0
1.0
1.0
1.0
1.0
1.0
1.0
1.0
1.0
1.0
1.0
0.9993062781824489
1.0
1.0
1.0
1.0
1.0
1.0
1.0
1.0
1.0
1.0
1.0
1.0
1.0
1.0
1.0
1.0
1.0
1.0
1.0
1.0
1.0
1.0
1.0
1.0
1.0
1.0
1.0
1.0
1.0
1.0
1.0
1.0
1.0
1.0
1.0
1.0
1.0
1.0
1.0
1.0
1.0
1.0
1.0
0.9939393939393939
1.0
1.0
1.0
1.0
1.0
1.0
1.0
1.0
1.0
1.0
1.0
1.0
1.0
1.0
1.0
1.0
1.0
1.0
1.0
1.0
1.0
1.0
0.9978131833801936
1.0
1.0
1.0
1.0
0.9897084048027445
0.9975
1.0
0.9981226533166458
1.0
0.9333333333333333
1.0
1.0
1.0
1.0
1.0
0.9988968560397132
1.0
1.0
1.0
1.0
1.0
1.0
1.0
1.0
1.0
1.0
1.0
1.0
0.9982316534040672
1.0
1.0
1.0
1.0
1.0
0.9978632478632479
1.0
1.0
1.0
1.0
1.0
1.0
1.0
1.0
1.0
1.0
1.0
1.0
1.0
1.0
1.0
0.9959903769045709
1.0
1.0
1.0
1.0
1.0
1.0
1.0
1.0
1.0
1.0
0.9981060606060606
1.0
1.0
1.0
1.0
0.9791666666666666
1.0
1.0
1.0
1.0
1.0
1.0
1.0
1.0
1.0
1.0
1.0
1.0
0.9987105093488072
1.0
0.9858585858585859
0.9991816693944353
1.0
1.0
1.0
1.0
1.0
1.0
1.0
1.0
1.0
1.0
1.0
1.0
1.0
1.0
1.0
1.0
1.0
1.0
1.0
1.0
0.9971655328798186
1.0
1.0
1.0
1.0
1.0
1.0
1.0
1.0
1.0
1.0
1.0
1.0
1.0
1.0
0.9982748706152962
1.0
0.9829545454545454
0.9977142857142857
0.9965017491254373
1.0
