1.0
1.0
1.0
1.0
0.9992727272727273
1.0
1.0
1.0
1.0
1.0
1.0
1.0
1.0
1.0
1.0
1.0
1.0
1.0
1.0
0.9973149213655543
1.0
1.0
1.0
1.0
1.0
1.0
1.0
1.0
1.0
1.0
1.0
1.0
1.0
1.0
1.0
1.0
1.0
1.0
1.0
1.0
1.0
1.0
1.0
1.0
1.0
1.0
0.9986559139784946
1.0
1.0
1.0
1.0
1.0
1.0
1.0
1.0
0.9985065710872163
1.0
0.9963689179375453
1.0
1.0
1.0
1.0
1.0
1.0
1.0
1.0
0.9947916666666666
1.0
0.9992071881606766
1.0
0.9975232198142415
1.0
1.0
1.0
0.9973290598290598
1.0
1.0
1.0
1.0
1.0
1.0
1.0
1.0
1.0
1.0
1.0
0.9974662162162162
1.0
1.0
0.998015873015873
1.0
1.0
1.0
1.0
0.9984459984459985
0.9974025974025974
1.0
0.997610513739546
1.0
1.0
1.0
1.0
1.0
1.0
1.0
1.0
1.0
1.0
1.0
1.0
1.0
1.0
1.0
1.0
1.0
1.0
1.0
1.0
1.0
1.0
1.0
1.0
1.0
1.0
1.0
1.0
1.0
1.0
0.9901960784313726
1.0
1.0
1.0
1.0
1.0
1.0
1.0
1.0
1.0
1.0
1.0
1.0
1.0
1.0
1.0
1.0
1.0
1.0
1.0
1.0
1.0
1.0
0.9989071038251366
1.0
1.0
1.0
1.0
1.0
1.0
1.0
1.0
1.0
1.0
1.0
0.999390801096558
1.0
1.0
1.0
1.0
1.0
1.0
1.0
1.0
1.0
1.0
1.0
1.0
1.0
1.0
1.0
1.0
1.0
1.0
1.0
1.0
1.0
1.0
1.0
1.0
1.0
1.0
1.0
1.0
1.0
1.0
1.0
1.0
0.9939759036144579
1.0
0.9941176470588236
1.0
1.0
1.0
1.0
1.0
1.0
1.0
0.9984674329501916
1.0
1.0
1.0
1.0
0.9947183098591549
1.0
0.9733924611973392
1.0
1.0
1.0
1.0
1.0
1.0
1.0
1.0
1.0
1.0
1.0
1.0
1.0
1.0
1.0
1.0
1.0
1.0
1.0
1.0
1.0
1.0
1.0
1.0
1.0
1.0
1.0
1.0
1.0
1.0
1.0
1.0
1.0
1.0
1.0
1.0
1.0
1.0
1.0
1.0
1.0
1.0
0.9939271255060729
0.9897435897435898
0.9934640522875817
1.0
1.0
1.0
0.9987113402061856
0.9992623555446275
1.0
1.0
1.0
1.0
1.0
1.0
1.0
1.0
0.9888059701492538
1.0
1.0
0.9840909090909091
1.0
1.0
1.0
1.0
1.0
1.0
1.0
1.0
1.0
1.0
1.0
1.0
1.0
1.0
1.0
1.0
1.0
0.992
1.0
1.0
1.0
1.0
1.0
1.0
1.0
1.0
1.0
1.0
1.0
1.0
1.0
1.0
1.0
1.0
1.0
1.0
1.0
1.0
1.0
1.0
1.0
1.0
1.0
1.0
1.0
1.0
1.0
1.0
1.0
1.0
1.0
1.0
1.0
1.0
1.0
1.0
1.0
1.0
1.0
1.0
1.0
1.0
1.0
1.0
1.0
1.0
1.0
1.0
1.0
1.0
1.0
1.0
1.0
1.0
1.0
1.0
1.0
1.0
1.0
1.0
1.0
1.0
1.0
1.0
1.0
0.99265605875153
1.0
1.0
1.0
1.0
0.9990942028985508
0.998015873015873
1.0
1.0
1.0
1.0
1.0
1.0
1.0
0.9771241830065359
1.0
1.0
1.0
1.0
0.9990649836372136
1.0
1.0
1.0
1.0
1.0
1.0
1.0
1.0
1.0
1.0
1.0
1.0
1.0
1.0
1.0
1.0
1.0
1.0
1.0
1.0
1.0
1.0
1.0
1.0
1.0
1.0
1.0
1.0
0.9982078853046595
1.0
1.0
1.0
1.0
1.0
1.0
1.0
1.0
1.0
1.0
1.0
1.0
1.0
1.0
1.0
1.0
1.0
1.0
1.0
1.0
0.9984313725490196
1.0
1.0
0.9901315789473685
0.9967793880837359
1.0
1.0
1.0
0.9974424552429667
1.0
1.0
1.0
0.9984615384615385
1.0
1.0
1.0
1.0
0.9976430976430977
1.0
1.0
1.0
1.0
1.0
1.0
1.0
1.0
1.0
1.0
1.0
1.0
1.0
1.0
1.0
0.9895833333333334
1.0
1.0
0.9984939759036144
1.0
1.0
1.0
1.0
1.0
1.0
1.0
1.0
1.0
1.0
1.0
1.0
1.0
1.0
1.0
1.0
0.999
1.0
0.9978354978354979
1.0
1.0
0.9956709956709957
1.0
1.0
1.0
1.0
1.0
1.0
1.0
0.9974326059050064
1.0
1.0
1.0
1.0
1.0
0.9888059701492538
1.0
1.0
1.0
1.0
1.0
1.0
1.0
0.9946808510638298
1.0
1.0
1.0
1.0
1.0
1.0
1.0
1.0
1.0
1.0
1.0
1.0
0.97165991902834
1.0
1.0
1.0
1.0
1.0
1.0
0.9975926817525277
0.9986953685583823
1.0
1.0
1.0
1.0
1.0
1.0
1.0
1.0
1.0
1.0
0.9987397605545053
1.0
1.0
1.0
1.0
1.0
1.0
1.0
1.0
1.0
1.0
1.0
1.0
1.0
1.0
1.0
1.0
1.0
1.0
1.0
1.0
1.0
1.0
1.0
1.0
1.0
1.0
1.0
1.0
0.9991079393398751
1.0
1.0
1.0
1.0
0.9884615384615385
1.0
1.0
1.0
1.0
1.0
1.0
1.0
0.9922480620155039
1.0
1.0
1.0
1.0
1.0
1.0
1.0
1.0
1.0
1.0
1.0
1.0
0.9821428571428571
1.0
1.0
1.0
1.0
1.0
1.0
1.0
1.0
1.0
1.0
1.0
1.0
1.0
1.0
1.0
1.0
1.0
1.0
1.0
1.0
1.0
0.998978288633461
1.0
1.0
1.0
1.0
1.0
0.9968253968253968
1.0
1.0
1.0
1.0
1.0
1.0
1.0
0.9903381642512077
1.0
1.0
1.0
1.0
1.0
1.0
0.9989795918367347
1.0
1.0
1.0
1.0
1.0
1.0
1.0
0.9987760097919217
1.0
1.0
1.0
1.0
1.0
1.0
1.0
1.0
0.9990512333965844
1.0
1.0
1.0
1.0
1.0
1.0
1.0
1.0
1.0
1.0
1.0
0.9975490196078431
1.0
1.0
1.0
1.0
1.0
1.0
1.0
1.0
1.0
1.0
1.0
1.0
1.0
1.0
1.0
1.0
1.0
1.0
1.0
1.0
1.0
1.0
1.0
0.9988095238095238
0.9910414333706606
1.0
1.0
1.0
1.0
1.0
1.0
1.0
1.0
1.0
1.0
1.0
1.0
1.0
1.0
1.0
1.0
1.0
1.0
1.0
1.0
0.9992025518341308
1.0
1.0
1.0
1.0
1.0
1.0
1.0
1.0
1.0
1.0
1.0
1.0
1.0
1.0
1.0
1.0
1.0
1.0
1.0
1.0
1.0
1.0
1.0
1.0
1.0
1.0
1.0
1.0
1.0
1.0
0.98559670781893
1.0
1.0
1.0
1.0
1.0
0.9972527472527473
1.0
1.0
1.0
1.0
1.0
1.0
1.0
1.0
1.0
1.0
1.0
1.0
1.0
1.0
1.0
1.0
1.0
1.0
1.0
1.0
1.0
1.0
1.0
1.0
1.0
1.0
1.0
0.9932126696832579
1.0
1.0
0.9533333333333334
1.0
1.0
1.0
1.0
1.0
1.0
1.0
1.0
1.0
1.0
1.0
1.0
1.0
0.9979602243753187
1.0
1.0
1.0
1.0
1.0
1.0
1.0
1.0
1.0
1.0
1.0
1.0
1.0
1.0
0.9795918367346939
1.0
1.0
1.0
1.0
0.9972222222222222
0.9937205651491365
1.0
1.0
1.0
1.0
1.0
1.0
1.0
1.0
1.0
1.0
1.0
1.0
0.9835616438356164
1.0
1.0
1.0
1.0
0.9928571428571429
1.0
1.0
1.0
1.0
1.0
1.0
1.0
1.0
1.0
0.9988662131519275
1.0
1.0
1.0
1.0
1.0
1.0
1.0
1.0
1.0
0.9929577464788732
1.0
1.0
1.0
1.0
1.0
1.0
1.0
1.0
1.0
1.0
1.0
1.0
1.0
1.0
1.0
1.0
0.9993024066968957
1.0
1.0
1.0
1.0
1.0
0.9981884057971014
1.0
1.0
0.9959294436906377
1.0
1.0
1.0
0.998966675277706
1.0
1.0
1.0
1.0
1.0
1.0
1.0
1.0
1.0
1.0
1.0
0.9913419913419913
1.0
1.0
1.0
1.0
1.0
1.0
1.0
1.0
1.0
1.0
1.0
1.0
1.0
1.0
1.0
1.0
1.0
1.0
0.9990958408679927
1.0
1.0
0.9981424148606811
1.0
1.0
0.9947916666666666
1.0
1.0
1.0
1.0
1.0
1.0
1.0
1.0
1.0
1.0
1.0
1.0
0.9866666666666667
1.0
1.0
1.0
1.0
1.0
1.0
1.0
1.0
1.0
1.0
1.0
1.0
1.0
1.0
0.9955406911928651
1.0
1.0
1.0
0.9806763285024155
1.0
1.0
1.0
1.0
1.0
1.0
1.0
1.0
1.0
1.0
1.0
0.9986559139784946
1.0
1.0
1.0
1.0
1.0
1.0
1.0
1.0
1.0
1.0
1.0
1.0
1.0
1.0
1.0
1.0
0.9936842105263158
1.0
1.0
0.9821428571428571
1.0
1.0
1.0
1.0
1.0
1.0
1.0
1.0
1.0
1.0
1.0
1.0
