1.0
1.0
1.0
1.0
0.9901477832512315
1.0
1.0
0.9984917043740573
1.0
1.0
1.0
1.0
1.0
0.9917888563049854
1.0
1.0
1.0
1.0
1.0
1.0
1.0
1.0
1.0
1.0
0.9970414201183432
1.0
1.0
0.9696106362773029
0.9993815708101422
0.9903030303030304
0.9528985507246377
1.0
1.0
1.0
1.0
1.0
0.9967479674796748
0.9790209790209791
0.9977494373593399
0.9945652173913043
0.9875124875124875
1.0
0.982010582010582
1.0
1.0
1.0
0.9976744186046511
1.0
1.0
1.0
1.0
1.0
0.9986111111111111
1.0
1.0
1.0
1.0
1.0
1.0
1.0
1.0
0.9988817444786133
1.0
1.0
1.0
1.0
0.944
1.0
0.9988179669030733
1.0
0.9959595959595959
0.9931972789115646
0.9912
0.9990103908955963
1.0
1.0
1.0
1.0
1.0
1.0
0.9521604938271605
1.0
1.0
0.9984375
1.0
1.0
1.0
1.0
0.9910588235294118
1.0
1.0
1.0
1.0
1.0
1.0
1.0
1.0
1.0
0.9798136645962733
1.0
0.9902097902097902
1.0
1.0
0.9975386779184248
1.0
1.0
1.0
1.0
0.9066666666666666
0.9933554817275747
0.9858156028368794
1.0
0.9969111969111969
1.0
1.0
1.0
1.0
1.0
0.9802371541501976
1.0
0.9776714513556619
1.0
0.9787485242030697
1.0
1.0
1.0
1.0
0.9666666666666667
0.9965823650034177
1.0
1.0
0.9966666666666667
1.0
1.0
1.0
0.9912087912087912
1.0
1.0
1.0
1.0
0.9910326086956521
1.0
0.9982253771073647
1.0
1.0
0.9968017057569296
0.9988558352402745
1.0
1.0
1.0
0.9934640522875817
0.9972350230414746
1.0
1.0
1.0
1.0
0.9959595959595959
0.9946018893387314
1.0
1.0
1.0
1.0
1.0
1.0
1.0
1.0
0.9738955823293173
1.0
1.0
1.0
1.0
1.0
0.996219281663516
1.0
0.9984984984984985
1.0
1.0
1.0
0.9222222222222223
1.0
1.0
1.0
1.0
0.9368131868131868
0.9674054758800521
1.0
1.0
0.9507042253521126
0.9944976076555024
0.9938461538461538
1.0
1.0
0.9947089947089947
1.0
1.0
0.9986504723346828
0.9588235294117647
0.9992719330178377
0.998950957251508
0.9942129629629629
