61.0
766.0
426.0
473.0
45.0
970.0
24.0
568.0
315.0
9.0
44.0
162.0
404.0
898.0
12.0
242.0
632.0
356.0
31.0
43.0
26.0
204.0
714.0
51.0
38.0
570.0
8.0
106.0
448.0
385.0
266.0
381.0
844.0
12.0
361.0
35.0
157.0
19.0
219.0
198.0
174.0
69.0
22.0
764.0
234.0
232.0
718.0
89.0
32.0
62.0
120.0
396.0
114.0
52.0
526.0
17.0
205.0
274.0
340.0
12.0
77.0
119.0
137.0
26.0
754.0
272.0
429.0
469.0
13.0
77.0
189.0
543.0
529.0
168.0
48.0
198.0
68.0
49.0
285.0
120.0
1293.0
143.0
226.0
1196.0
66.0
851.0
545.0
195.0
184.0
11.0
13.0
191.0
17.0
32.0
431.0
746.0
970.0
330.0
78.0
11.0
