9.0
1205.0
115.0
108.0
359.0
606.0
104.0
85.0
363.0
61.0
614.0
23.0
124.0
33.0
540.0
795.0
196.0
1097.0
157.0
100.0
15.0
259.0
23.0
258.0
733.0
66.0
154.0
8.0
621.0
645.0
57.0
74.0
13.0
679.0
554.0
88.0
88.0
10.0
523.0
16.0
316.0
11.0
408.0
118.0
882.0
230.0
12.0
33.0
182.0
24.0
23.0
669.0
57.0
833.0
328.0
113.0
195.0
322.0
438.0
299.0
310.0
23.0
27.0
331.0
478.0
128.0
395.0
292.0
66.0
127.0
425.0
95.0
99.0
242.0
139.0
233.0
72.0
11.0
25.0
108.0
54.0
320.0
581.0
325.0
679.0
59.0
279.0
218.0
8.0
197.0
39.0
390.0
348.0
226.0
161.0
6.0
99.0
121.0
148.0
218.0
