1179.0
127477.0
59325.0
58990.0
6795.0
102858.0
42391.0
25494.0
15669.0
25966.0
10204.0
6651.0
43427.0
17490.0
20072.0
22340.0
8579.0
8759.0
16217.0
55372.0
558.0
80926.0
1461.0
14331.0
22099.0
67005.0
46146.0
92684.0
13157.0
32450.0
36635.0
8934.0
19239.0
28245.0
1246.0
77787.0
2683.0
62441.0
11442.0
34158.0
23148.0
72112.0
36869.0
4323.0
49323.0
69711.0
57826.0
2444.0
66152.0
91720.0
48478.0
44043.0
11756.0
30890.0
91902.0
4001.0
13600.0
41781.0
52941.0
56032.0
69400.0
71522.0
89194.0
3884.0
60272.0
47370.0
6250.0
25057.0
79618.0
14351.0
44266.0
9332.0
6176.0
32359.0
127059.0
44573.0
2113.0
3236.0
901.0
15999.0
1428.0
21174.0
1963.0
17559.0
2099.0
53694.0
4349.0
50538.0
17373.0
44313.0
14221.0
1265.0
42061.0
15573.0
18912.0
35547.0
47838.0
3740.0
34092.0
10527.0
