329992.0
51285.0
30704.0
238445.0
10368.0
427638.0
304512.0
1183970.0
462420.0
918.0
896760.0
549974.0
1058442.0
117.0
657705.0
5712.0
656035.0
1069893.0
42716.0
36512.0
262347.0
9230.0
13650.0
255009.0
2570742.0
3599803.0
14800.0
1092136.0
686.0
25220.0
1831872.0
875242.0
244035.0
192654.0
937440.0
182684.0
2289804.0
3346480.0
513003.0
9676.0
236682.0
598752.0
5358.0
165244.0
193545.0
23920.0
178494.0
28944.0
166140.0
1183182.0
4308032.0
3633978.0
2964.0
45576.0
387960.0
1498266.0
335880.0
302840.0
35903.0
757947.0
937893.0
2885988.0
85762.0
911040.0
527745.0
67520.0
2082200.0
125312.0
364518.0
3394623.0
69834.0
3025104.0
5155920.0
4223.0
96652.0
2975.0
4459.0
168276.0
76700.0
6639555.0
7800.0
2267423.0
134568.0
54027.0
1314.0
33250.0
59904.0
282282.0
1920.0
3147360.0
278460.0
322952.0
2112125.0
1266806.0
513282.0
872100.0
3716020.0
522200.0
737.0
10665.0
506503.0
80512.0
20646.0
280.0
5076.0
5412.0
110360.0
490.0
1141059.0
330.0
21360.0
1690.0
1581945.0
5320140.0
121136.0
22248.0
195264.0
361342.0
33418.0
1105878.0
5824.0
1709136.0
1486071.0
22686.0
4116645.0
673848.0
19040.0
2027718.0
708471.0
288002.0
426952.0
4500.0
32482.0
51906.0
1740.0
3000.0
475395.0
1260.0
77142.0
1546587.0
110802.0
183103.0
94482.0
313880.0
82992.0
2219460.0
770066.0
858408.0
4813995.0
880875.0
13376.0
1946043.0
180.0
3270400.0
126009.0
4056.0
864.0
675.0
708.0
233625.0
1825.0
1568428.0
1973088.0
11088.0
5158960.0
7897.0
14250.0
12978.0
5628.0
1230090.0
589855.0
1776.0
84588.0
75438.0
486450.0
620.0
1459914.0
857250.0
154192.0
1134342.0
65706.0
45034.0
73695.0
734580.0
736542.0
3886140.0
1386.0
1273.0
338.0
87702.0
1422000.0
4024236.0
1091307.0
10560.0
924910.0
1452.0
2646.0
4180.0
787930.0
1520388.0
89680.0
548878.0
45672.0
950341.0
2767100.0
439580.0
5355.0
29568.0
338314.0
2466775.0
49192.0
13345.0
1797336.0
1275.0
339772.0
32800.0
120360.0
513718.0
859264.0
2164988.0
32881.0
1291150.0
341496.0
216580.0
1687328.0
1982781.0
486360.0
207515.0
1171050.0
525018.0
177444.0
3570.0
9672.0
799515.0
41410.0
2346272.0
13502.0
1042150.0
442187.0
1736070.0
19550.0
297216.0
1845888.0
35037.0
300033.0
609108.0
533015.0
1785.0
1116.0
2430.0
3215285.0
5400.0
19775.0
857157.0
1254.0
222.0
103603.0
628862.0
22125.0
50490.0
1062802.0
1177088.0
848569.0
17340.0
54984.0
187668.0
1259895.0
639424.0
3906.0
55188.0
951270.0
837090.0
92829.0
7828.0
196.0
32318.0
49700.0
308687.0
2496.0
279908.0
948600.0
245847.0
24000.0
6188.0
361522.0
528.0
1656360.0
0.0
33800.0
26196.0
5886540.0
199386.0
1587814.0
3682965.0
1629801.0
27115.0
1508.0
643734.0
147056.0
97726.0
6517.0
927558.0
1214127.0
12243.0
369766.0
13083.0
2635.0
256.0
2033217.0
49025.0
1681386.0
6030.0
3007.0
642048.0
27903.0
254944.0
1229706.0
972.0
181890.0
470184.0
176800.0
3473340.0
76167.0
67440.0
1886292.0
79086.0
395458.0
110838.0
4018.0
1378024.0
75870.0
7598.0
159950.0
840.0
3663.0
1729998.0
23408.0
778536.0
3101112.0
29646.0
55165.0
3496.0
217343.0
809676.0
183522.0
1448482.0
14168.0
939375.0
211598.0
668331.0
405105.0
327540.0
3129414.0
3786120.0
227484.0
4760448.0
246384.0
42940.0
215650.0
1735524.0
19680.0
206412.0
17120.0
1899432.0
384047.0
1351739.0
921496.0
15312.0
102163.0
53640.0
110592.0
747630.0
3019730.0
10353.0
500.0
2688312.0
30225.0
102816.0
684864.0
571860.0
48500.0
427667.0
121396.0
114982.0
370.0
175104.0
477866.0
987.0
267520.0
225060.0
6000.0
595320.0
118686.0
3230.0
23460.0
393516.0
20882.0
162004.0
137655.0
1109214.0
4350.0
1648448.0
44844.0
71492.0
45582.0
1441935.0
210.0
607392.0
24940.0
1829952.0
3842.0
372099.0
1027700.0
625605.0
1261269.0
5652744.0
713538.0
3529680.0
406721.0
2128020.0
5665485.0
34608.0
7744.0
5033625.0
1495.0
23114.0
93982.0
5180.0
287526.0
6519.0
4750.0
728.0
6765.0
533172.0
20296.0
81844.0
960.0
15744.0
562596.0
4200.0
652056.0
12284.0
293664.0
2485980.0
914312.0
1235304.0
539671.0
1386.0
80320.0
140868.0
550440.0
1987424.0
531219.0
204533.0
3003.0
252410.0
69972.0
16072.0
724449.0
330.0
214326.0
7416.0
229559.0
40677.0
16422.0
1463730.0
6464.0
302260.0
719580.0
18832.0
981178.0
437240.0
725984.0
733212.0
70686.0
675092.0
298390.0
349866.0
2884812.0
1943.0
150552.0
980.0
3434396.0
1475.0
118215.0
423984.0
509124.0
186992.0
2379.0
207772.0
325038.0
89688.0
6049386.0
1880904.0
4651353.0
155358.0
1070920.0
536526.0
42614.0
3642233.0
230736.0
1136811.0
990432.0
28800.0
105592.0
26001.0
1628430.0
14996.0
4776569.0
47685.0
80682.0
67650.0
75504.0
266445.0
248501.0
1445.0
106020.0
126225.0
198016.0
403788.0
62560.0
426980.0
714598.0
18020.0
335225.0
596806.0
77585.0
6785925.0
1409044.0
13706.0
1590770.0
966.0
37835.0
637.0
1126363.0
140696.0
125904.0
820.0
2453282.0
54208.0
3498.0
26334.0
3562836.0
1617.0
33384.0
622170.0
233172.0
63840.0
1349376.0
316680.0
600990.0
322920.0
840.0
107956.0
1103082.0
214832.0
49970.0
5733.0
28480.0
1226728.0
508212.0
928.0
1010457.0
1260.0
180648.0
189900.0
732032.0
1808310.0
4192.0
6075.0
4449536.0
18879.0
36816.0
514299.0
71876.0
6656.0
5764843.0
32805.0
95448.0
2241.0
120.0
888380.0
130356.0
4864.0
52640.0
212940.0
51800.0
1860.0
2975.0
1866237.0
69322.0
452844.0
619938.0
1464228.0
684215.0
1064.0
98384.0
2418.0
1920.0
15105.0
46332.0
798816.0
205092.0
3078207.0
3706936.0
502800.0
38.0
795915.0
338445.0
3516594.0
216558.0
509832.0
2078405.0
44063.0
31242.0
183744.0
5423322.0
2415294.0
500.0
17201.0
193420.0
587334.0
838084.0
1760514.0
1619088.0
1058752.0
237540.0
34697.0
47177.0
380625.0
93960.0
732.0
910.0
3675.0
646504.0
2421191.0
1682910.0
10695.0
109461.0
17280.0
932595.0
207915.0
2835.0
1072.0
4636265.0
1915910.0
733153.0
106704.0
1158202.0
3745.0
2147508.0
216125.0
153807.0
1036251.0
24596.0
208923.0
1250004.0
2618.0
1936676.0
360144.0
24708.0
760480.0
2625.0
1634688.0
17020.0
14098.0
1200.0
159796.0
5824.0
13536.0
8928.0
2808.0
6600.0
2907380.0
3335.0
551950.0
206881.0
384552.0
3302315.0
393008.0
474672.0
11591.0
1040223.0
833.0
249549.0
302328.0
2605056.0
843640.0
3964670.0
5637400.0
206913.0
11648.0
426816.0
343826.0
2192200.0
21353.0
5258078.0
668500.0
31098.0
789828.0
3270.0
3468972.0
3272777.0
284050.0
29546.0
5339200.0
1168586.0
319125.0
930.0
645636.0
2542995.0
50634.0
401955.0
290891.0
147407.0
414062.0
137802.0
2700916.0
5360784.0
200340.0
361315.0
938616.0
5096.0
0.0
129234.0
1180374.0
2742152.0
498295.0
2558415.0
1005152.0
41475.0
37762.0
63568.0
6100.0
5193552.0
173055.0
61376.0
269352.0
4000.0
69.0
574560.0
1724863.0
614704.0
1117621.0
153966.0
32472.0
690228.0
404142.0
124830.0
3078120.0
1544748.0
123152.0
1463652.0
1394.0
959671.0
196878.0
1147825.0
1364.0
305226.0
2425242.0
253992.0
451027.0
26200.0
616.0
21090.0
1288000.0
3960.0
25250.0
1620.0
58014.0
609024.0
545977.0
24167.0
173808.0
35462.0
243195.0
442152.0
105536.0
3030720.0
2606432.0
3305280.0
588.0
1369845.0
14194.0
10519.0
152832.0
29747.0
620757.0
806960.0
6741.0
16632.0
670311.0
24871.0
178398.0
835516.0
253760.0
27136.0
850.0
242178.0
728.0
828091.0
35280.0
24514.0
1733694.0
10707.0
972285.0
3708.0
141860.0
0.0
959136.0
32736.0
515312.0
155230.0
72664.0
2484.0
1260717.0
311910.0
3021933.0
195320.0
184731.0
897.0
374015.0
9984.0
14938.0
1113540.0
1660.0
422120.0
38184.0
397536.0
479808.0
1063854.0
758222.0
19980.0
3267312.0
1925.0
482232.0
2579888.0
56865.0
1327050.0
362850.0
4208580.0
1183809.0
91728.0
143178.0
100473.0
1650.0
285453.0
15795.0
69799.0
1642550.0
166840.0
3375.0
5535.0
224294.0
37800.0
7042210.0
24892.0
1759730.0
159165.0
28674.0
2639.0
368200.0
533568.0
1321344.0
604960.0
1379376.0
129564.0
1594080.0
984.0
88504.0
1674.0
6845358.0
243978.0
3698892.0
182750.0
1224720.0
259424.0
160332.0
115414.0
587300.0
424410.0
7224.0
1976.0
72312.0
1639517.0
5168.0
90440.0
12928.0
2185.0
13083.0
32943.0
5958285.0
305553.0
1422.0
214620.0
8463028.0
38796.0
46400.0
2635902.0
165256.0
617049.0
3588138.0
600049.0
163792.0
36464.0
19740.0
73984.0
73868.0
806020.0
4536.0
1216800.0
2441945.0
237744.0
90376.0
18256.0
391800.0
3596.0
1290300.0
4386210.0
1565062.0
2018940.0
1998771.0
1008.0
875864.0
1428.0
64172.0
1964410.0
1752.0
2989833.0
2305007.0
1191300.0
867390.0
58548.0
328440.0
73555.0
24644.0
98172.0
406.0
221312.0
9680.0
28820.0
5856.0
308946.0
19511.0
2320500.0
683736.0
23546.0
1382256.0
294.0
6783.0
1224.0
5185648.0
396611.0
1022000.0
122560.0
1593.0
3978114.0
86982.0
102114.0
800.0
441161.0
1527940.0
48832.0
2723230.0
3764232.0
7571.0
770.0
2218698.0
4942540.0
17549.0
471713.0
2325888.0
500310.0
4944.0
553729.0
334390.0
478318.0
180532.0
1781850.0
809070.0
3201690.0
5513040.0
3042774.0
1663766.0
9920.0
374.0
960.0
460.0
2486260.0
166934.0
3652618.0
214353.0
3040.0
3012387.0
1664.0
220340.0
315210.0
7260.0
131720.0
307975.0
