2184.0
982350.0
2411480.0
10335.0
272194.0
36792.0
765.0
25630.0
27612.0
31816.0
27472.0
314324.0
3210900.0
213834.0
1233940.0
57088.0
97848.0
1183527.0
82650.0
1018776.0
655863.0
29893.0
96.0
480786.0
27206.0
262350.0
27566.0
25519.0
294306.0
167610.0
3328046.0
869820.0
1951188.0
318864.0
408456.0
2844.0
8662.0
908267.0
200046.0
28059.0
3097920.0
31106.0
398130.0
1250010.0
256236.0
63900.0
2180.0
33948.0
1717989.0
14840.0
1132910.0
3212.0
4965697.0
254829.0
25298.0
1210490.0
563920.0
1253843.0
50120.0
300.0
485092.0
387882.0
1485225.0
1443663.0
328.0
47104.0
5517680.0
9308.0
541335.0
1813344.0
702090.0
324275.0
155701.0
29078.0
95484.0
19200.0
944.0
10971.0
1696920.0
8280.0
336408.0
19110.0
6960.0
876204.0
20470.0
2597820.0
148695.0
2072.0
21896.0
27260.0
372096.0
198867.0
572880.0
22204.0
388945.0
3959949.0
490280.0
105850.0
6960.0
5461.0
