330084.0
51285.0
32010.0
238221.0
10368.0
433580.0
298417.0
1170382.0
465118.0
918.0
896760.0
549974.0
1059414.0
117.0
687675.0
5520.0
678600.0
1022073.0
41184.0
36349.0
268086.0
9230.0
13650.0
248496.0
2580984.0
3599803.0
14800.0
1073081.0
686.0
25088.0
1831872.0
854320.0
239610.0
195139.0
966288.0
182754.0
2286650.0
3346480.0
507122.0
9676.0
240084.0
572284.0
5358.0
167348.0
191268.0
21840.0
178920.0
28408.0
168345.0
1170976.0
4302909.0
3633978.0
2964.0
45368.0
395252.0
1509650.0
336336.0
302500.0
40443.0
770835.0
962598.0
2967885.0
83160.0
931947.0
538734.0
64800.0
2093688.0
125120.0
364875.0
3394623.0
69834.0
3023337.0
5136390.0
4223.0
96652.0
2975.0
4459.0
163200.0
76700.0
6590259.0
7800.0
2242632.0
130152.0
54027.0
1314.0
33125.0
59904.0
286902.0
1920.0
3174836.0
277876.0
328515.0
2112125.0
1266806.0
513282.0
868476.0
3722082.0
559691.0
737.0
10665.0
