2630903.0
403392.0
1354775.0
1864800.0
245443.0
4320.0
5445.0
84388.0
5561480.0
2074439.0
5004840.0
2552720.0
289152.0
1953633.0
2113230.0
81844.0
752.0
1064.0
67830.0
145266.0
2588256.0
123914.0
54338.0
18270.0
294.0
445592.0
9720.0
1417030.0
76860.0
1821600.0
83304.0
686140.0
71595.0
3995625.0
627950.0
4042.0
2200.0
1641540.0
1932.0
135261.0
192.0
1964327.0
1329096.0
749180.0
8736.0
2254496.0
8866.0
319.0
3626244.0
29436.0
196862.0
1053612.0
66275.0
221364.0
4974625.0
36960.0
936.0
2637516.0
4000.0
136528.0
2970609.0
2305536.0
5488.0
1112405.0
1168398.0
381946.0
469665.0
23688.0
376380.0
756.0
2708072.0
8120.0
323172.0
86757.0
165612.0
67847.0
2298505.0
28920.0
3828.0
446832.0
273920.0
1172148.0
3476588.0
887679.0
341537.0
67704.0
246468.0
4425435.0
24360.0
3132896.0
443410.0
228.0
1323675.0
2118472.0
1183544.0
8125.0
423500.0
3876070.0
101024.0
1061118.0
