21.0
975.0
5518.0
10212.0
1324.0
9852550.0
40206.0
264024.0
4870197.0
613.0
229948.0
264782.0
357292185
887425.0
2150980.0
18106.0
10517478
364929.0
23309254
14665.0
4206851.0
1067127.0
582042.0
6473036.0
934.0
3848.0
303292583
2710453908
2976397.0
8123458.0
3591.0
2970062.0
5291090057
378040.0
1114434.0
52190.0
888388227
7094166.0
2585078.0
6854214.0
3022.0
3085.0
7443766004
635831.0
653424.0
673071.0
15700.0
138904389
193501.0
36022042237
143128.0
23866.0
49171634
369378371
41985.0
2180313.0
524469373
1.594197679E+10
122029.0
741410.0
1047408342
40597.0
1703852.0
40158.0
11410.0
52748.0
1587173533
1306549.0
2.67990628E+9
1053.0
46752.0
394671.0
1167.0
6290.0
13116.0
190685.0
14347171
752.0
3593.0
14809.0
19970872798
584423067
58498852
15281.0
357880.0
480579251
81530863
232969.0
3458.0
29912.0
1876719.0
18979476738
20989.0
1949681.0
54565661
31314.0
2544.0
318.0
14154812
1541.0
2.97612399E+10
55.0
396737.0
3440.0
7616530978
11693.0
5073.0
14534.0
494.0
165994.0
9255712.0
358147697
2212.0
3936216.0
114855375
398527.0
80291.0
253742.0
1541791042
46.0
192355.0
857609113
5778.0
43240.0
17566842
10782.0
12567.0
5420.0
847.0
2360.0
14981.0
1041049.0
64220621
22422.0
4525134.0
1642871.0
272590.0
470552.0
661.0
183046.0
3158.0
5284.0
105844.0
362887725
568959.0
326972467
652087.0
2170833717
687.0
22135.0
88.0
3991.0
6039.0
45564609
3976.0
10221.0
2066.0
54549774
18984586
514.0
32.0
1113.0
124813859
19534012
4055.0
975624864
6859168473
2.65304391E+9
13561722
220291143
1467380.0
2352069467
4307770.0
9.883656E+7
4841.0
205896.0
1198790.0
25960419
335.0
269088463
42876796
12817051
9605534171
8268426.0
1127.0
4129.0
846.0
33658193
7271168.0
6251.0
111556.0
630.0
70378.0
741688.0
2402.0
364210669
16502.0
3331601.0
375558198
166978.0
4402.0
2513.0
72657471
1615931.0
6827.0
24514601562
495.0
537082095
326485461
5588962.0
1796.0
203.0
163045.0
25925.0
2970006287
7005149722
30344203358
37.0
8925.0
219944561
18918.0
1877555998
152.0
435584.0
39227.0
873.0
3003.0
60013.0
28176084
150626836
5419080.0
30.0
12494.0
4872741.0
2777672.0
1678896.0
346.0
149936.0
268089034
1205802078
30952394
1635454.0
1136.0
2.9373938E+8
2989.0
650673227
119083.0
363384.0
5098345.0
1084253.0
25446119
716.0
19090946
38561852
1.4853824E+8
8805.0
1917.0
600817.0
2041378.0
7482.0
705.0
1482642.0
1631.0
23025.0
137463738
31974918
58872028
1409.0
9576832.0
6316.0
262310524
13103.0
6685.0
322894.0
112745701
29125734
10612506
1568289.0
692.0
185182.0
1637.0
51192.0
3660.0
199945.0
8966985.0
2659847.0
648.0
7619.0
5354.0
291722796
10179908774
921362875
7592.0
832687.0
212237429
29655.0
1190600273
175922.0
737680.0
88425907
37.0
1614.0
1759470306
744582.0
292766896
2833.0
12601974658
505757.0
970905822
33197107
32272.0
349740262
133451.0
28565054
916550619
3388.0
33.0
151930.0
5108.0
843734.0
6606.0
195267.0
7804.0
2104.0
133362.0
63805185
2861059.0
2.290790807E+10
45693.0
747224.0
1462.0
730018.0
795892846
3823474.0
14562.0
12276.0
109395.0
1864588137
25360413
37379.0
638224.0
1344337.0
127100414
4099.0
735966.0
49320.0
2661983575
5905938888
7260.0
8308191725
7077.0
2.455409E+7
16473.0
1026848.0
8455764.0
212767.0
449544774
12537084293
360447.0
75143.0
3681918.0
20417.0
5396017715
706.0
258.0
8370645.0
7237.0
1007.0
42005.0
44825364317
691672218
2248970.0
1011.0
591117.0
113380.0
87.0
1059709724
4563364.0
74990225
1339831756
926533.0
17794661
2.519249233E+10
397715.0
5803546.0
8331.0
3554.0
1913703.0
54698265
4864.0
6489.0
2875.0
4237940828
8811.0
44918.0
781592.0
11590727904
4598542.0
800.0
8973771463
524465.0
714001.0
861.0
777136043
10251072
3243.0
2152360.0
71795.0
1357.0
863.0
9169.0
694307.0
3309291201
240618.0
488799.0
7302358.0
102.0
851.0
365669.0
26683.0
301462.0
211.0
47444.0
46785.0
1206230.0
11425.0
442818.0
63326.0
4.0759059E+9
164406283
851516.0
1653.0
927.0
7263115.0
49726.0
1893.0
17632650716
1099306.0
27554.0
35515594
7465.0
8390.0
113053232
24488.0
25902.0
3840614.0
88659.0
1848.0
299.0
735.0
849.0
1147592793
3921.0
3097327.0
24100307
4627270079
68515.0
4438.0
13944.0
20778.0
5.19159733E+9
272879.0
24106809
318.0
6606261.0
181006.0
2022868033
8294391754
26913.0
233708.0
15734698356
11489.0
2827940.0
2.0498536E+8
274723.0
15194.0
6885463.0
29235426
401475.0
15840.0
5083869.0
13607.0
71155.0
10267285
191483.0
1800887.0
849.0
29333.0
736.0
24878094
152860.0
208531.0
3588455.0
2333.0
5694698.0
1539.0
301965.0
265452476
23611.0
181845151
515755.0
186964.0
17452433
55755.0
1650633.0
133945174
253700.0
37.0
203451.0
1724723.0
304027.0
193960566
2763664.0
1.54137636E+9
5306878.0
38259.0
1490.0
192461.0
93540378
5393.0
5.9319747E+8
20217109
24716.0
48752.0
254073.0
5421997.0
252681211
3.087966E+7
34158868
13499451
673186.0
1316342.0
238.0
6197101012
3941571.0
10353.0
3528.0
840.0
92291452
171.0
145462.0
10007.0
761.0
8460693.0
1806.0
1259.0
527923.0
1539500.0
146139.0
114.0
35171.0
24403.0
1357233461
16596.0
691.0
1485011.0
166172.0
54.0
3487.0
4967.0
3973984574
11410.0
299.0
16808.0
61518.0
3357.0
1626.0
303.0
3710.0
2.9350801E+8
899.0
10892.0
10147.0
371351.0
2.221119E+7
159872123
943.0
878404.0
97374.0
38993.0
963.0
574243684
1373.0
37281869
6910.0
1570.0
17919136823
6916064.0
10164912
853971.0
4230.0
768272.0
31736587
717.0
6886398068
92959454
4402786.0
136172216
123721.0
155051287
94.0
988269.0
1191.0
5404.0
165363.0
12278.0
3403539.0
1433968595
738995.0
264.0
18807.0
1807726666
2.7787003E+9
3429440.0
1943206554
5588990.0
68888398
30657.0
6903.0
3837628.0
498710.0
17856513
187695158
44539801
31692.0
1919807.0
236939467
19212458
378004605
994775718
441.0
29939.0
671.0
1356317711
12459.0
196198152
119577366
2445008.0
45790134
1162555.0
702.0
67964857
16592242
557.0
58692.0
19830.0
47942793
15583.0
16427.0
2414796.0
12131.0
8394141079
440384.0
3085.0
1063.0
188995.0
13112893563
12195.0
29509.0
568.0
4926.0
243470183
255348.0
44178764
30812038
16487589665
26.0
24445.0
102930.0
1965.0
37.0
16000.0
572057.0
1003237.0
7641549.0
218437.0
8996028531
4714.0
12758162856
1198326.0
1124.0
1554321.0
2165.0
310401.0
5549.0
2356.0
30470.0
481146.0
4532.0
1123642137
697.0
6966521.0
66721239
36800.0
7747.0
3557.0
3755.0
1134003.0
723.0
147357448
2317.0
12917.0
24088.0
122304.0
12723985
2349555.0
628830831
994.0
79774457
5462.0
98640.0
83796018
1855261743
10536.0
111499133
75215.0
3945.0
1146096.0
61221.0
342222244
460583.0
23.0
12774289
70197885
15808683
623.0
48966513
26734.0
178500.0
785390327
590.0
325202056
543102.0
566.0
2521769.0
36884143
328.0
3575.0
191870.0
3909813377
4092.0
19612.0
997.0
156219.0
2657054.0
14862856
4510.0
5371.0
21910649
1445166.0
1199.0
8490683.0
7350723124
1405214.0
2043127.0
4310.0
4071890.0
1247477512
8481.0
1656.0
14299652862
513174.0
348545.0
915.0
1.691103E+7
75221.0
33623.0
4477194.0
11300779
7.2603655E+8
4299253215
4400.0
25940996
14323.0
2.79051295E+10
1658.0
24368333359
138.0
108909.0
580.0
43692.0
431520978
2808.0
7795509.0
188124.0
4015.0
30417918
4205171.0
7063.0
730.0
1.065078569E+10
970481.0
9485.0
5332.0
77124.0
4113731.0
14072.0
16300265107
2538.0
4814441.0
4465040.0
1071.0
63170.0
2290.0
787.0
512.0
111120337
18197652
10765.0
671.0
421.0
3963695.0
18313.0
4540446.0
25301.0
2517579771
105805.0
3502408.0
5119517607
121.0
8958.0
498.0
456389156
2971034.0
195139.0
29267.0
258590.0
111393.0
3609680.0
1433.0
271465.0
13319.0
539276726
264.0
17640.0
4312684077
571636091
1036458.0
275778922
1145.0
679.0
1392930.0
310077.0
9027.0
159759.0
14113.0
449155.0
178897518
9565.0
1752.0
3019.0
12073954
254975794
112734974
598459.0
643.0
2206428797
1014.0
8454281.0
8223729.0
68425882
393397.0
741503.0
993333887
697489.0
265555529
1041105645
1484.0
773.0
580152.0
7.6814777E+8
181831.0
647677908
1482.0
7065394.0
2091346.0
4291108801
2077.0
132252.0
3576039.0
317.0
1803.0
327173.0
316179.0
9622.0
16484759
2621085284
74.0
756711525
7610837852
2743.0
222656.0
417665.0
2271.0
3465977571
49.0
731.0
17691.0
425264.0
638.0
102739657
57792194
7012928.0
1003480.0
2169.0
997.0
17190.0
4541.0
635.0
145607.0
445252.0
34222.0
16500.0
3841766529
101864005
9979840.0
71796704
118347361
33767.0
11463565
5180.0
4455.0
851.0
133962.0
181659.0
340260.0
534.0
5073861973
3349.0
6572364.0
730.0
103792.0
70688678
11084.0
5738810.0
216349961
376757653
40487.0
1.2371284E+8
9335.0
10503801228
591.0
8112.0
4859.0
1459.0
34614309
544.0
248074894
2533.0
3848.0
39031.0
72275.0
4139797.0
4537576.0
24195956
1549792937
300.0
1377.0
1911.0
120038.0
1.263132E+7
119891892
19601.0
3905.0
673896.0
28377167
121916647
2367.0
498975359
112137.0
42250.0
793289.0
8200.0
4933.0
1672514.0
3888.0
141976739
21305331265
11437.0
868132.0
23721806
110683958
56041284
62543.0
2709551.0
1774.0
8498325.0
60217673
2114287.0
7855268454
1368982.0
21852.0
4771812.0
34116398
724426.0
393650312
76008.0
2001.0
95587.0
2357426688
