21.0
975.0
5518.0
10212.0
1324.0
9852550.0
40206.0
264024.0
4870197.0
613.0
229948.0
264782.0
357292185
887425.0
2150980.0
18106.0
10517478
364929.0
23309254
14665.0
4206851.0
1067127.0
582042.0
6473036.0
934.0
3848.0
303292583
2710453908
2976397.0
8123458.0
3591.0
2970062.0
5291090057
378040.0
1114434.0
52190.0
888388227
7094166.0
2585078.0
6854214.0
3022.0
3085.0
7443766004
635831.0
653424.0
673071.0
15700.0
138904389
193501.0
36022042237
143128.0
23866.0
49171634
369378371
41985.0
2180313.0
524469373
1.594197679E+10
122029.0
741410.0
1047408342
40597.0
1703852.0
40158.0
11410.0
52748.0
1587173533
1306549.0
2.67990628E+9
1053.0
46752.0
394671.0
1167.0
6290.0
13116.0
190685.0
14347171
752.0
3593.0
14809.0
19970872798
584423067
58498852
15281.0
357880.0
480579251
81530863
232969.0
3458.0
29912.0
1876719.0
18979476738
20989.0
1949681.0
54565661
31314.0
2544.0
318.0
14154812
1541.0
