181845151
515755.0
186964.0
17452433
55755.0
1650633.0
133945174
253700.0
37.0
203451.0
1724723.0
304027.0
193960566
2763664.0
1.54137636E+9
5306878.0
38259.0
1490.0
192461.0
93540378
5393.0
5.9319747E+8
20217109
24716.0
48752.0
254073.0
5421997.0
252681211
3.087966E+7
34158868
13499451
673186.0
1316342.0
238.0
6197101012
3941571.0
10353.0
3528.0
840.0
92291452
171.0
145462.0
10007.0
761.0
8460693.0
1806.0
1259.0
527923.0
1539500.0
146139.0
114.0
35171.0
24403.0
1357233461
16596.0
691.0
1485011.0
166172.0
54.0
3487.0
4967.0
3973984574
11410.0
299.0
16808.0
61518.0
3357.0
1626.0
303.0
3710.0
2.9350801E+8
899.0
10892.0
10147.0
371351.0
2.221119E+7
159872123
943.0
878404.0
97374.0
38993.0
963.0
574243684
1373.0
37281869
6910.0
1570.0
17919136823
6916064.0
10164912
853971.0
4230.0
768272.0
31736587
717.0
6886398068
92959454
4402786.0
136172216
123721.0
