8973771463
524465.0
714001.0
861.0
777136043
10251072
3243.0
2152360.0
71795.0
1357.0
863.0
9169.0
694307.0
3309291201
240618.0
488799.0
7302358.0
102.0
851.0
365669.0
26683.0
301462.0
211.0
47444.0
46785.0
1206230.0
11425.0
442818.0
63326.0
4.0759059E+9
164406283
851516.0
1653.0
927.0
7263115.0
49726.0
1893.0
17632650716
1099306.0
27554.0
35515594
7465.0
8390.0
113053232
24488.0
25902.0
3840614.0
88659.0
1848.0
299.0
735.0
849.0
1147592793
3921.0
3097327.0
24100307
4627270079
68515.0
4438.0
13944.0
20778.0
5.19159733E+9
272879.0
24106809
318.0
6606261.0
181006.0
2022868033
8294391754
26913.0
233708.0
15734698356
11489.0
2827940.0
2.0498536E+8
274723.0
15194.0
6885463.0
29235426
401475.0
15840.0
5083869.0
13607.0
71155.0
10267285
191483.0
1800887.0
849.0
29333.0
736.0
24878094
152860.0
208531.0
3588455.0
2333.0
5694698.0
1539.0
301965.0
265452476
23611.0
