88425907
37.0
1614.0
1759470306
744582.0
292766896
2833.0
12601974658
505757.0
970905822
33197107
32272.0
349740262
133451.0
28565054
916550619
3388.0
33.0
151930.0
5108.0
843734.0
6606.0
195267.0
7804.0
2104.0
133362.0
63805185
2861059.0
2.290790807E+10
45693.0
747224.0
1462.0
730018.0
795892846
3823474.0
14562.0
12276.0
109395.0
1864588137
25360413
37379.0
638224.0
1344337.0
127100414
4099.0
735966.0
49320.0
2661983575
5905938888
7260.0
8308191725
7077.0
2.455409E+7
16473.0
1026848.0
8455764.0
212767.0
449544774
12537084293
360447.0
75143.0
3681918.0
20417.0
5396017715
706.0
258.0
8370645.0
7237.0
1007.0
42005.0
44825364317
691672218
2248970.0
1011.0
591117.0
113380.0
87.0
1059709724
4563364.0
74990225
1339831756
926533.0
17794661
2.519249233E+10
397715.0
5803546.0
8331.0
3554.0
1913703.0
54698265
4864.0
6489.0
2875.0
4237940828
8811.0
44918.0
781592.0
11590727904
4598542.0
800.0
