166978.0
4402.0
2513.0
72657471
1615931.0
6827.0
24514601562
495.0
537082095
326485461
5588962.0
1796.0
203.0
163045.0
25925.0
2970006287
7005149722
30344203358
37.0
8925.0
219944561
18918.0
1877555998
152.0
435584.0
39227.0
873.0
3003.0
60013.0
28176084
150626836
5419080.0
30.0
12494.0
4872741.0
2777672.0
1678896.0
346.0
149936.0
268089034
1205802078
30952394
1635454.0
1136.0
2.9373938E+8
2989.0
650673227
119083.0
363384.0
5098345.0
1084253.0
25446119
716.0
19090946
38561852
1.4853824E+8
8805.0
1917.0
600817.0
2041378.0
7482.0
705.0
1482642.0
1631.0
23025.0
137463738
31974918
58872028
1409.0
9576832.0
6316.0
262310524
13103.0
6685.0
322894.0
112745701
29125734
10612506
1568289.0
692.0
185182.0
1637.0
51192.0
3660.0
199945.0
8966985.0
2659847.0
648.0
7619.0
5354.0
291722796
10179908774
921362875
7592.0
832687.0
212237429
29655.0
1190600273
175922.0
737680.0
