1541.0
2.97612399E+10
55.0
396737.0
3440.0
7616530978
11693.0
5073.0
14534.0
494.0
165994.0
9255712.0
358147697
2212.0
3936216.0
114855375
398527.0
80291.0
253742.0
1541791042
46.0
192355.0
857609113
5778.0
43240.0
17566842
10782.0
12567.0
5420.0
847.0
2360.0
14981.0
1041049.0
64220621
22422.0
4525134.0
1642871.0
272590.0
470552.0
661.0
183046.0
3158.0
5284.0
105844.0
362887725
568959.0
326972467
652087.0
2170833717
687.0
22135.0
88.0
3991.0
6039.0
45564609
3976.0
10221.0
2066.0
54549774
18984586
514.0
32.0
1113.0
124813859
19534012
4055.0
975624864
6859168473
2.65304391E+9
13561722
220291143
1467380.0
2352069467
4307770.0
9.883656E+7
4841.0
205896.0
1198790.0
25960419
335.0
269088463
42876796
12817051
9605534171
8268426.0
1127.0
4129.0
846.0
33658193
7271168.0
6251.0
111556.0
630.0
70378.0
741688.0
2402.0
364210669
16502.0
3331601.0
375558198
