1680.0
418645.0
1266952.0
4116.0
106330.0
10136.0
315.0
10304.0
10752.0
16065.0
9765.0
146250.0
1719168.0
73932.0
561816.0
25270.0
52447.0
530176.0
21580.0
531552.0
341134.0
11584.0
74.0
233700.0
11150.0
114912.0
7600.0
13608.0
165135.0
52608.0
1876616.0
468510.0
891894.0
111583.0
219063.0
1474.0
5166.0
503866.0
69255.0
10696.0
1816209.0
11712.0
160320.0
570540.0
114114.0
24208.0
1729.0
16128.0
922590.0
6120.0
484428.0
2277.0
3594276.0
127368.0
12308.0
554976.0
237538.0
758700.0
22784.0
54.0
228265.0
136482.0
668250.0
737960.0
328.0
20737.0
3079995.0
3888.0
280164.0
852516.0
424032.0
181337.0
43160.0
12084.0
30846.0
7872.0
795.0
5215.0
1123696.0
3680.0
142713.0
8568.0
3276.0
409200.0
7420.0
1511939.0
48888.0
1014.0
7788.0
11385.0
136728.0
93613.0
254430.0
9541.0
179676.0
2024925.0
175208.0
41503.0
2675.0
2700.0
