9.0
570.0
114.0
433.0
643.0
35.0
259.0
674.0
440.0
438.0
15.0
11.0
567.0
31.0
476.0
658.0
47.0
22.0
485.0
437.0
234.0
530.0
341.0
528.0
254.0
419.0
444.0
69.0
102.0
57.0
825.0
493.0
53.0
59.0
379.0
654.0
79.0
169.0
54.0
429.0
10.0
572.0
127.0
77.0
133.0
246.0
415.0
631.0
369.0
563.0
302.0
75.0
12.0
84.0
130.0
739.0
129.0
387.0
4.0
59.0
79.0
700.0
293.0
719.0
139.0
658.0
21.0
200.0
108.0
52.0
306.0
437.0
616.0
240.0
192.0
341.0
284.0
349.0
294.0
111.0
85.0
353.0
1.0
47.0
114.0
82.0
85.0
3.0
392.0
252.0
612.0
135.0
263.0
235.0
190.0
655.0
101.0
120.0
16.0
422.0
