16.0
1314.0
222.0
769.0
1620.0
89.0
546.0
1438.0
989.0
881.0
56.0
38.0
1356.0
115.0
883.0
1716.0
63.0
94.0
729.0
922.0
533.0
1144.0
610.0
1081.0
553.0
976.0
1145.0
123.0
222.0
130.0
1899.0
1013.0
166.0
126.0
784.0
1610.0
295.0
500.0
126.0
990.0
39.0
1073.0
236.0
190.0
252.0
607.0
1018.0
1492.0
899.0
1377.0
821.0
164.0
24.0
131.0
241.0
1362.0
369.0
1022.0
15.0
139.0
189.0
1555.0
546.0
1279.0
326.0
1456.0
28.0
374.0
290.0
152.0
837.0
723.0
1137.0
574.0
361.0
657.0
654.0
732.0
606.0
182.0
216.0
719.0
29.0
103.0
289.0
243.0
102.0
18.0
994.0
534.0
1191.0
233.0
659.0
579.0
341.0
1356.0
335.0
240.0
43.0
1200.0
508.0
47.0
192.0
725.0
339.0
1168.0
209.0
68.0
431.0
1103.0
198.0
1541.0
772.0
800.0
253.0
177.0
542.0
13.0
846.0
679.0
69.0
1524.0
343.0
386.0
80.0
1100.0
593.0
42.0
100.0
307.0
1070.0
123.0
426.0
380.0
57.0
870.0
336.0
652.0
1668.0
605.0
127.0
1249.0
63.0
195.0
17.0
1304.0
1470.0
1409.0
1715.0
971.0
1048.0
681.0
1628.0
1367.0
60.0
349.0
1001.0
332.0
829.0
69.0
834.0
281.0
1245.0
52.0
19.0
129.0
1161.0
1329.0
100.0
69.0
655.0
595.0
797.0
185.0
458.0
910.0
150.0
478.0
1054.0
387.0
71.0
1372.0
718.0
845.0
612.0
1244.0
906.0
50.0
185.0
98.0
722.0
169.0
846.0
181.0
1138.0
778.0
165.0
100.0
1449.0
665.0
924.0
1522.0
1020.0
28.0
1663.0
33.0
193.0
946.0
329.0
1352.0
1411.0
102.0
1035.0
189.0
493.0
119.0
1091.0
217.0
28.0
1279.0
134.0
1656.0
156.0
486.0
142.0
1136.0
767.0
944.0
77.0
1474.0
1331.0
917.0
33.0
583.0
1000.0
687.0
88.0
869.0
68.0
1072.0
50.0
191.0
765.0
114.0
1096.0
1614.0
1281.0
110.0
25.0
390.0
361.0
92.0
331.0
1540.0
317.0
323.0
330.0
400.0
1329.0
422.0
1181.0
584.0
609.0
1175.0
231.0
1579.0
151.0
1055.0
213.0
726.0
1398.0
300.0
1080.0
856.0
998.0
342.0
1200.0
321.0
59.0
1331.0
1306.0
27.0
85.0
482.0
616.0
536.0
72.0
65.0
507.0
13.0
258.0
146.0
702.0
77.0
773.0
1542.0
1459.0
778.0
181.0
875.0
640.0
148.0
1269.0
514.0
1762.0
765.0
1124.0
685.0
1075.0
74.0
1265.0
430.0
832.0
300.0
516.0
1551.0
28.0
1660.0
44.0
810.0
207.0
1297.0
169.0
638.0
1443.0
929.0
1281.0
827.0
34.0
147.0
25.0
408.0
45.0
399.0
273.0
1275.0
52.0
108.0
886.0
324.0
681.0
727.0
1597.0
148.0
713.0
1819.0
1444.0
60.0
36.0
40.0
610.0
838.0
776.0
1399.0
616.0
355.0
367.0
104.0
1126.0
385.0
504.0
216.0
418.0
34.0
309.0
38.0
392.0
159.0
1488.0
235.0
572.0
203.0
1191.0
345.0
968.0
597.0
48.0
446.0
150.0
314.0
1380.0
51.0
323.0
864.0
14.0
751.0
502.0
621.0
575.0
142.0
58.0
79.0
466.0
1273.0
594.0
430.0
617.0
285.0
1612.0
435.0
261.0
135.0
312.0
682.0
684.0
1621.0
641.0
266.0
925.0
175.0
227.0
964.0
516.0
246.0
97.0
268.0
197.0
251.0
577.0
658.0
333.0
767.0
385.0
90.0
910.0
570.0
698.0
23.0
437.0
314.0
55.0
39.0
558.0
405.0
1143.0
723.0
650.0
461.0
813.0
816.0
84.0
1362.0
238.0
152.0
278.0
364.0
1617.0
628.0
24.0
129.0
102.0
1485.0
1343.0
1585.0
38.0
831.0
603.0
659.0
1368.0
38.0
569.0
75.0
25.0
1592.0
1333.0
301.0
1109.0
1813.0
178.0
391.0
369.0
1259.0
510.0
1013.0
221.0
1387.0
550.0
36.0
54.0
1407.0
492.0
277.0
574.0
221.0
41.0
76.0
623.0
673.0
1509.0
361.0
73.0
44.0
1536.0
1234.0
103.0
203.0
1176.0
1288.0
112.0
1118.0
64.0
1540.0
930.0
1640.0
48.0
678.0
288.0
1014.0
147.0
920.0
591.0
28.0
358.0
541.0
218.0
427.0
352.0
845.0
844.0
300.0
1518.0
443.0
90.0
1536.0
41.0
37.0
927.0
416.0
505.0
938.0
279.0
746.0
354.0
1453.0
577.0
899.0
800.0
220.0
305.0
1609.0
1041.0
118.0
306.0
149.0
535.0
42.0
1219.0
357.0
274.0
382.0
572.0
666.0
974.0
31.0
455.0
394.0
1567.0
95.0
651.0
295.0
187.0
107.0
394.0
1410.0
291.0
1165.0
1013.0
812.0
1146.0
338.0
1715.0
458.0
449.0
1018.0
328.0
1596.0
218.0
162.0
962.0
299.0
651.0
1486.0
194.0
121.0
1701.0
1501.0
299.0
224.0
521.0
610.0
80.0
1572.0
73.0
1588.0
111.0
1406.0
395.0
342.0
36.0
205.0
754.0
717.0
890.0
1031.0
320.0
596.0
118.0
327.0
28.0
1705.0
866.0
1053.0
23.0
435.0
697.0
286.0
1818.0
794.0
39.0
1610.0
700.0
353.0
153.0
221.0
263.0
519.0
232.0
62.0
67.0
835.0
651.0
559.0
1477.0
84.0
34.0
1608.0
37.0
68.0
1640.0
542.0
18.0
456.0
1065.0
1483.0
464.0
54.0
950.0
1659.0
188.0
1386.0
67.0
32.0
243.0
324.0
15.0
586.0
140.0
218.0
46.0
1218.0
1378.0
111.0
236.0
1189.0
559.0
90.0
99.0
344.0
41.0
494.0
1647.0
839.0
22.0
464.0
1218.0
861.0
110.0
408.0
899.0
138.0
461.0
17.0
1676.0
588.0
502.0
88.0
1395.0
1415.0
943.0
426.0
1093.0
1163.0
930.0
65.0
508.0
1446.0
430.0
167.0
1399.0
117.0
554.0
115.0
797.0
1773.0
1635.0
19.0
115.0
1711.0
1491.0
171.0
125.0
341.0
454.0
100.0
1243.0
600.0
305.0
22.0
158.0
585.0
596.0
154.0
1112.0
1212.0
1009.0
676.0
506.0
345.0
700.0
132.0
891.0
1350.0
1086.0
21.0
203.0
939.0
413.0
881.0
134.0
1667.0
32.0
23.0
801.0
1173.0
68.0
48.0
78.0
426.0
1184.0
790.0
281.0
47.0
1059.0
173.0
166.0
401.0
190.0
340.0
806.0
57.0
1475.0
40.0
626.0
314.0
122.0
391.0
255.0
154.0
633.0
188.0
859.0
688.0
1730.0
296.0
766.0
195.0
27.0
19.0
39.0
1279.0
291.0
525.0
457.0
708.0
65.0
1635.0
706.0
1387.0
599.0
689.0
371.0
1551.0
64.0
643.0
771.0
1351.0
1027.0
727.0
1010.0
64.0
915.0
444.0
625.0
285.0
633.0
1503.0
206.0
285.0
367.0
611.0
553.0
777.0
238.0
539.0
565.0
30.0
1341.0
81.0
111.0
794.0
655.0
973.0
560.0
485.0
80.0
177.0
831.0
398.0
1141.0
75.0
638.0
264.0
124.0
1122.0
42.0
33.0
154.0
42.0
1021.0
1363.0
970.0
159.0
1622.0
463.0
705.0
596.0
71.0
1231.0
353.0
139.0
869.0
14.0
870.0
245.0
378.0
1603.0
16.0
960.0
1138.0
711.0
1297.0
795.0
1456.0
742.0
1125.0
79.0
80.0
540.0
504.0
307.0
115.0
359.0
582.0
13.0
83.0
1112.0
74.0
984.0
100.0
1069.0
24.0
227.0
1527.0
173.0
1558.0
811.0
320.0
862.0
106.0
202.0
585.0
1052.0
824.0
1409.0
52.0
777.0
1186.0
54.0
670.0
1422.0
798.0
265.0
234.0
103.0
1489.0
183.0
173.0
411.0
235.0
700.0
563.0
77.0
668.0
941.0
980.0
565.0
143.0
515.0
283.0
264.0
259.0
307.0
1269.0
931.0
1494.0
866.0
419.0
20.0
494.0
1596.0
499.0
1206.0
177.0
98.0
139.0
569.0
420.0
1276.0
249.0
537.0
515.0
710.0
52.0
130.0
176.0
189.0
1172.0
462.0
1447.0
649.0
304.0
663.0
923.0
120.0
793.0
105.0
697.0
449.0
937.0
1274.0
1184.0
231.0
74.0
719.0
641.0
403.0
858.0
41.0
136.0
409.0
534.0
630.0
86.0
456.0
55.0
353.0
148.0
639.0
28.0
1083.0
638.0
818.0
52.0
733.0
524.0
807.0
957.0
444.0
362.0
980.0
37.0
81.0
1105.0
21.0
370.0
1002.0
1201.0
178.0
233.0
120.0
