154.0
2077.0
3393.0
1303.0
1722.0
1346.0
1521.0
731.0
4980.0
840.0
1210.0
174.0
1010.0
1013.0
8888.0
5071.0
1348.0
44.0
2630.0
733.0
371.0
1061.0
403.0
3398.0
4052.0
922.0
120.0
268.0
7909.0
1711.0
668.0
389.0
957.0
4557.0
1047.0
100.0
908.0
110.0
5849.0
931.0
1787.0
225.0
4319.0
438.0
1522.0
4353.0
1910.0
471.0
4074.0
1162.0
390.0
3233.0
248.0
445.0
41.0
1434.0
1847.0
3584.0
1100.0
1931.0
8699.0
327.0
471.0
2913.0
1354.0
570.0
2961.0
320.0
705.0
479.0
6241.0
1560.0
471.0
3385.0
2895.0
1081.0
722.0
291.0
589.0
1861.0
220.0
1636.0
3908.0
3208.0
408.0
285.0
121.0
589.0
666.0
2076.0
621.0
1453.0
6054.0
5007.0
169.0
356.0
1883.0
442.0
430.0
2588.0
