1280.0
133131.0
309644.0
3564.0
56763.0
7784.0
126.0
6762.0
10488.0
11040.0
6975.0
49555.0
353142.0
57316.0
191980.0
9916.0
18426.0
192808.0
15042.0
164730.0
97704.0
8721.0
12.0
79265.0
10120.0
51183.0
6216.0
5830.0
64722.0
31808.0
370220.0
161280.0
229104.0
39960.0
71392.0
1060.0
1680.0
154350.0
30690.0
9184.0
472410.0
10147.0
73486.0
157903.0
53460.0
12960.0
1064.0
7672.0
200167.0
2914.0
181896.0
1564.0
680152.0
43550.0
7072.0
238392.0
96940.0
189738.0
13140.0
18.0
82175.0
54244.0
210752.0
230265.0
256.0
10472.0
763873.0
4030.0
86508.0
229457.0
96552.0
62416.0
27300.0
9912.0
18880.0
6439.0
615.0
3808.0
175070.0
2415.0
60984.0
7260.0
3016.0
128780.0
4158.0
329095.0
26564.0
676.0
5499.0
7228.0
55926.0
41888.0
77748.0
6862.0
75636.0
529056.0
106887.0
10962.0
3200.0
2250.0
