629.7514920655366
2109.941819382251
1094.3958332784935
898.3836788716098
1591.6986816846272
1702.618611904284
1418.4893514173552
1042.946889196077
2483.0275671337026
2224.7453908346
2070.5551062505733
5796.666958392672
5508.170547570459
928.8561171783973
5504.143900801718
1735.39469745609
1774.124978290906
1718.940672828199
4925.484542183718
1969.1388659469965
900.3819014453112
1714.1793880907508
1543.9048313888998
789.4301853888761
2185.2680263682996
2561.830274979745
2020.5268029614274
934.5826699866267
1558.413613495195
1065.263408379847
952.3143504799293
1095.986988246629
592.7789096746328
1011.0943307163114
1383.4558204264295
970.7274053848699
1642.47899972917
1466.1115846924993
2070.699996738958
856.2228603638367
2252.385223769136
1954.9213734964037
986.2572766026274
5503.602133280759
1267.987559695088
3790.2637144095957
860.8429947943628
2429.2663201490122
4974.346649610214
1792.4870156882764
791.7670434923065
1907.3763897929493
3779.2779563002223
1484.7810985866952
1551.7519167877888
1798.327048020765
1304.25056318161
923.1892794882248
2651.277776690341
1300.5294030240902
5937.056912138519
719.947502459754
1011.0433232624916
987.7473889676293
772.2177145384148
2108.570166916278
4621.270324846692
817.0604953321894
3464.9461940836763
1364.8367259790796
985.7183472290748
817.8800311375117
1863.4726764057307
2367.2887416149824
2643.6809165712107
183.2961726238749
3522.167979094356
1398.3452053526073
1461.244253905223
870.6842418777065
2320.301976246341
3030.2416165778036
1094.101636686623
2582.6545552519615
1299.2069773223411
1651.6259524897825
575.4500051893926
1185.4981493140199
728.8846899394116
3239.989172148898
2244.7381849554577
2617.7021735455037
1254.3263141394787
1657.5580716125316
2954.943866835645
1094.6685345715648
2382.4363761956774
1694.4415303186327
2003.9729616682744
2637.1846730981238
692.6470734978702
3839.3777292873133
2895.187313281679
2775.1108943747126
1042.1765880584296
1148.0966914521107
1924.96824121047
1388.0353037482805
2142.8486413070095
865.8761627640312
4436.840171104413
1254.0914242169388
1341.9640324079378
5570.029192440509
933.489827671355
3124.8193419821437
3030.2686841918908
1005.1164419082804
3611.00499238653
683.3777475717126
1157.855457445098
1522.5403722540523
1801.3236894540821
1103.6509762061924
2209.3718242701616
3146.037035206635
3234.8626658324906
2610.965145739514
3228.395295868432
2182.5044604680443
2913.3799801370305
3341.601830572516
1173.5074339038251
1273.5763748319823
1405.6555867350883
609.5674049947352
1008.8892984681607
1502.0336387123282
621.7410011504758
1620.4445879085754
3964.0984835546324
3898.797540610708
3041.305485483877
5373.320396238907
790.5100866488314
1002.8205998120263
2876.659717088413
966.4972742785471
1707.7969985725467
1022.6450087358269
5071.480457045761
920.9668638806708
1956.3624332811708
2516.7260890724588
3840.9047603654208
757.9290821012523
1125.8087798940091
1131.8783977705682
3937.760037111349
2478.570692829084
1458.7853253347985
919.755918283911
899.7235172640432
1933.6452762599629
1623.5438665952797
1233.9658368925818
882.4621996271517
1447.7762095399733
834.1200047617547
2168.5070207581502
2320.4148495266554
1440.5269004548143
1410.5563113639128
967.0104531986399
870.947291092422
608.0764968711179
2802.6666389234565
785.8567839771148
680.8446761699249
4103.224304021244
4463.4427470675255
2121.6689734445836
1870.08623972413
1798.2622317108035
1270.1041468806031
3863.358469431124
1258.3495281088065
685.6067981099302
1383.1524211959065
3245.665304840271
1218.691606255969
900.346052213091
863.528229838331
2906.287660851121
973.8534161510714
2917.2456618001997
1676.4671444801281
911.3187721850292
1463.168118580994
931.6187083410233
562.7223640069096
896.0451387908574
1072.581571128159
1303.3006721019365
1350.6506571977718
817.7150390758673
1127.295607589567
944.9058059619884
1565.158785324674
5136.110940699725
1831.5005076621403
2165.0359897864173
3533.6059051959587
4343.543107658933
1950.2326067312376
3767.455554997039
3746.089412685349
1498.7089096817178
3429.376887156501
1282.8974677304172
5568.072523727196
1719.8812868714263
1082.4693130111525
2257.511174632798
1923.3150983111184
805.1612258230896
545.6618863803542
5092.706575280123
1880.848355881155
1225.2460138323509
888.9876407392029
1454.0495036748073
1401.7202346587849
993.8239624279718
972.7412489858723
1747.451340890522
752.7783085446378
862.4353237771513
767.7109769290593
1103.9136355979947
2251.1000726509774
1530.1014635536396
1339.7098015130935
1450.4752748390265
1263.2498445878143
1344.271264033906
1222.665577965459
1116.9812600002324
6267.576043825975
2152.0271686678866
1293.234294685662
1621.6334183782642
2619.7245458477496
1134.5902038226393
3831.4351267911643
2543.1639073315773
2498.452088495369
2791.318002444296
2230.4928805243635
951.1385052445212
1867.0874484423616
2726.606523424159
1146.1277061983665
987.2181228765176
2679.341972118683
1210.7617989335208
4366.088036239706
3286.2118976896113
739.1803540053222
2044.3785347531546
5259.8410888782455
868.4567025549237
1887.210652107884
2270.6287947416467
952.9844187785403
308.46666715994803
1461.985120760817
1182.098546733124
2043.5425303618072
2251.0741900602948
932.5565377065872
5679.422503930608
1395.9267430666487
1020.1092796986588
2241.929083388454
872.2881854744892
771.2866975454617
896.0978083331465
1637.7751067069164
3279.2246402024707
1078.396904505192
2618.4807890259576
3036.461448628496
1414.85230931713
858.9838116905707
1205.5833259749327
1025.7324508579052
2702.6838230891103
4284.546388767663
5954.485095371373
1666.5390175133643
2546.1036590525036
950.3995600142948
1679.825298819098
924.8667832011344
3913.683923872009
859.0069749631301
1159.9502721463439
904.1413087012808
5179.220801805834
3649.296587371532
2156.849857915612
1349.607900720012
1753.5750617392935
1548.3510330706924
779.6327821036614
3048.7566756039137
920.9464729618629
4702.57517164665
2448.3051334138777
1731.070241815326
2836.4296582677052
3612.3616743119305
1186.744154753274
1909.3259336411538
3786.220282888629
850.628531812305
1214.902773994063
1217.6041851895554
4963.600389511982
1350.0372583880749
4085.797198992473
972.7039052751879
4753.546211889103
4192.363560913883
1120.964475466975
958.4813413135319
986.0860504790719
4104.458241637678
783.1019532967233
4092.2827045927706
1487.0087173057664
5762.599642141931
1970.8299880941408
1644.556273596186
1045.598503146938
2038.6303003977278
1267.5038054972156
1214.3697859788092
1549.0039103308382
1185.209944827415
3839.927817533429
1257.9917075643582
3730.8957962331583
758.1179916913783
1205.3019891612837
1534.6422438153932
1002.4256345268785
864.9865885951583
3475.6897728814447
905.034850877334
935.5314485225381
887.0850311910466
3446.7718479495925
1876.0043238934531
5785.474292403738
904.7786939997972
869.1922595788593
1827.202641180733
2573.7410008387083
2614.213322300779
633.1608184759706
4057.821438404374
954.7006082283841
2747.156349930816
204.60174142362683
2983.612316319968
1366.156023434806
1071.8600398204305
1666.9464234279403
4448.229091977091
3016.3307488883856
3318.0536335141155
919.4376193841006
1454.4726086172952
678.4884744852726
1258.7778593379323
607.5181575350929
901.941797755284
850.7064312618808
1583.2409368613835
1062.5804366678713
3093.154673916343
5138.319717412617
1714.095510921767
1391.2385759593578
2818.2877978544275
1127.1412410217297
898.1294530584065
2290.1285344877665
2421.1037237361716
4867.26291207401
5562.792999960459
977.0611651732695
2553.1029184927183
1303.6360974305164
5350.695531762042
5084.8817598583055
3776.2834620145563
1871.010227189714
2503.679193385902
4569.668525882506
782.8490742920457
1199.1188548663804
1086.3653526977873
4935.435119248347
966.7543395949991
1710.6383074789633
1578.7019073136762
2440.1289304518414
938.1298750544057
2734.378543178025
2072.777249116124
1874.9567748525956
774.867246772266
1672.7497848641106
662.209675590327
2184.0457551876902
980.0965231195964
1369.2333320363919
3479.2518697719725
866.5836712675849
648.4146863548308
1007.4591560792935
1264.553672142094
4019.967204269971
1231.4773466471597
3620.3576193976937
690.3546652647666
1101.698958699283
1919.9928283428608
1702.9146952636388
2954.649403985432
5541.394493737312
792.4014649604964
974.3309462739364
949.7565539583879
757.4871437541791
1704.3602188169111
1044.39477083783
1052.5920708179751
1592.3003127230822
6101.650189783694
4869.125891431905
2109.5255183372947
2001.3386994730483
1265.3981249891829
4171.115457944088
1194.9838719455786
2917.5576722458304
3783.5024071705766
3293.008144266168
2690.6914071332762
1272.6484428870988
1606.250600450264
1571.7003634719338
2198.125375611479
1463.9469271250985
574.6664175326987
819.9274780741351
3434.434150632321
1829.4826022947611
784.0192318396874
3368.7833124076506
1265.2086240398528
135.44326254140492
1501.509780066878
2273.8681227344177
937.8823917222411
1782.9169435260394
665.1234342608177
1597.4847199744213
926.8227111778755
725.823241047097
807.6970231764062
1483.5830747812022
776.4993056699087
3317.75370895671
1631.0261649922431
3295.4824552986515
3950.5323538271205
986.227794545028
907.9650523922106
4755.61970398839
1133.000397226189
1235.8165411676428
3466.1823871461506
1727.33741780426
4262.685429933213
5254.064028382264
1202.0105598975185
2171.0399659531718
1738.91047448947
1429.8080127724984
1587.267747778093
1296.626267060006
3347.265753333144
2404.319713815542
823.9121764917571
953.9620106202865
4467.089010338921
982.3185454637379
1999.6343486963763
934.2077649542722
5087.561285126064
3133.173828245889
769.7704654203227
2817.9495304624675
1357.3947201888645
1928.3451444531051
1012.4676967734613
906.7925026560869
885.1470816910265
3071.8932010592566
1445.5113834969698
1159.0048464024703
1399.1702333606395
758.4632723926999
2668.185127339502
1801.3214239790968
881.1383059117527
894.877225984415
2786.6904681993274
804.4038123931748
1956.3530923177623
615.9776075050197
946.5296402825263
600.1468632720647
1008.7769723201121
1102.5105235926585
888.7110590734953
2811.096982448546
2801.8188478555485
1183.7164705596435
2259.128450803337
833.5121951617298
1199.3775969437906
967.0229345594668
1521.6533838356575
3152.142366556793
761.8844155352983
1129.217256903505
4722.1449996037
1288.93826027133
723.3609103223324
3226.5112862823676
1360.4019732197305
1294.5781091205363
1091.8464240277203
1279.011893282721
3801.346215470284
3274.940188621194
4017.9914003746585
1387.4191823453027
1120.304030950542
4423.534183873732
820.4729814675659
2199.7260575087284
1015.9318540511211
1174.7541823651804
1456.4896171586968
3506.182885199461
749.1624874528173
4135.460549376567
1455.2697563303132
514.2572806358329
4193.184560961496
929.7311692824536
4000.248137514811
1661.0475068589565
748.5339000197782
1078.1035008438164
1884.196531468647
1475.0936702500564
900.846326765071
2580.7125237964015
4737.583372331169
1107.536682752198
656.107175344589
1746.4854561318614
1205.2758076546097
901.7180183462552
6056.008066315719
838.574594856334
1376.7905816676196
1772.0943055111422
5469.166287169386
1682.0067606830635
1408.2450614924555
1151.9066536704538
2399.7178466152363
1760.310219782329
2066.2255800063963
5483.425197329137
4006.603728327628
4679.409293379769
1121.320440184355
987.307983813896
2507.306905870476
1251.4914486609196
887.1239183198443
5814.549870273916
2004.9993507288411
1191.5700930494495
1586.0919723923987
1326.0623124058943
1306.3714991520353
1503.694804209463
2535.5401941787254
3689.363466760537
1508.1463463320754
2038.8612981548995
5620.801148663023
2077.035120965945
3894.590779742043
1591.0467773232906
759.7989996924011
1217.9443520435166
1105.9067244116386
2179.339736635883
1334.7198337620493
865.3221835717258
414.16885437594794
3044.402712444793
3431.3626855270995
3182.1668173084686
3547.648961447901
1357.6376052348774
1001.6179466059622
1410.6780509531964
5306.725178449931
6166.70153526939
5856.652053476182
4207.084174405253
2274.6654857218346
3912.8730711783014
1052.3545472096623
2962.435940620101
1526.9947733003253
2136.2802140152226
2171.7813431719833
3225.9953130429185
901.1883391965479
765.9216114698507
1056.0065143963286
842.3450386843492
779.2663693411179
1983.4496429818669
1363.9933616092999
1037.4095196441763
3080.593839317022
1030.9587367282365
812.6318354303042
4182.5825434917
1058.3067201410743
1228.646150842354
969.5041168709402
1289.9025531121088
1082.7318168462539
937.1302394516918
1142.9687869751203
2953.975327445855
2710.171540722405
2658.4701269716834
3395.5882526923833
150.99553351666452
3510.7581886758708
661.4226586701471
1723.8982277227753
5260.884365798397
2832.2207475663135
940.2813149128586
2161.3212540285203
2526.269025462934
873.9095488782117
1263.7097393784836
849.5339406230587
1046.6373415071687
713.4898537269511
3282.3334105219146
3256.7145159188303
5804.1443998343875
888.3827348473006
1126.2256952476873
2136.7050504191434
2499.581164108647
2233.5865762008552
1278.897823339039
1725.5868120083676
945.6545935153463
1020.9907068209134
3135.460566413264
1068.6848778485178
1322.6760026361842
2048.000516917874
1000.3769413004228
1103.3914306044314
898.5318666578808
1571.6229014098599
787.8336552281604
2141.2524194121033
2170.577049837723
1185.8540966504784
1766.5314649512811
1350.3064436480868
1168.4779690479147
1311.6116198067132
5479.899094362095
1780.7030718691462
4696.886078030883
1980.915586379961
1314.3764458477335
945.2814396787815
2342.404131358942
1254.3517299829316
1298.9436871565085
474.0012650226835
1368.2931085705645
1187.74594121973
1247.52986570729
2800.341110699742
1626.42909897168
545.0863619644573
1116.3016376995936
3371.3271578254535
4025.805202444494
1647.9894019092262
1270.3045344230593
1779.553033005008
2681.1635668004233
2268.368032686018
1154.9169815438102
3680.99782192046
789.297922616012
1907.2165426475894
4361.229885632596
3536.0045281594266
750.1654837423134
1062.0788969674215
723.3969964996363
1020.29047202781
2485.019703914777
3119.0753374334668
1147.7218708087048
761.9556697233842
3430.698913363132
1151.5694057308547
4122.846970965788
2634.3960564319773
2179.8457936990094
1110.1861522638121
924.2010667508557
805.3075117738371
2800.8296615045247
1766.5760136952224
843.7544608694831
3011.5150203933804
2225.988339118562
970.1519217234032
1049.4772855923293
1353.3989161691695
4695.467116062297
1171.4500543461622
5114.909441464332
870.1994854862542
124.43499521833479
3977.574821816574
913.7279233310392
839.5098129195611
1663.7886943522676
758.8502893168173
1812.0779469876104
3984.4508257290368
723.8040656919782
3985.0516440694532
795.0137720248111
3724.077215338448
566.8811346501553
4512.774382142414
843.9300410172885
2665.809727330405
4733.072046842352
1863.5535224942741
930.2898433795241
2109.198280961328
4364.811032176945
1982.1262148102994
796.2634237392134
3409.5035225470574
1202.7864257430613
3891.7760904134443
4903.873396074227
2076.3039542907463
2326.004917798068
3913.942632399809
3109.5818906072154
1642.4970474053741
886.4090748881632
1023.0219807062738
2198.1016007433755
1079.9455088142245
1849.4377523296473
2278.4782780214705
992.3981601185571
5033.903727841796
3783.4253768934964
1509.2335471103677
1497.8946510513058
2492.074144704477
3005.0069599012377
3415.6508349178594
1501.686169910507
5634.987006809067
834.7374997529154
782.217513199987
711.5607732052202
549.6622278442677
761.1196363458274
2216.142912300041
1586.5400557635817
1238.291692275419
5288.210197191458
969.7109120666385
1129.7796762004778
1713.9411605002574
4007.112240438123
1950.5323588121016
2320.7668362279414
613.7619300017512
2673.332615579883
2692.6845208473023
2894.0195973640284
1111.7758342198854
3510.2349985074143
790.070404966177
864.4616124330423
5466.420722848172
1277.9476266067904
4951.443015548081
886.659451629063
1031.9221868929912
3187.972893228867
1095.8139286037533
1128.97378872918
4982.1337209684325
849.6622019110147
794.3508962940952
1735.9503915866312
1617.386714599051
1289.7195352455556
1276.9506707852438
922.4405495498333
3278.8116278588636
5490.439578353546
1607.525014523928
1565.3553205054534
4620.557777697438
892.9924045751295
1231.190472710142
1840.354912456302
1140.101257849388
769.8025057839579
3809.5184453185734
2385.5339862992814
1858.5942315275074
142.0389857096702
2144.2119383415943
1628.423298664787
964.3170247441449
5297.561129565236
653.2835396142713
1084.6913078263187
1854.8980237813414
2169.780933018908
1920.254404173496
900.231428727773
830.8360169543337
2177.4494406093554
1621.761012670638
1062.972557906464
3203.249167377509
2654.0085158578263
1413.257291707577
751.7449005308526
1125.6192439199235
2471.131492191213
1706.2483841582982
1289.8075197054707
3421.9308642756146
1224.8202765810554
1667.4017367696883
1344.9960121549045
1600.4823622378617
3397.3812992433623
744.0462375567839
1939.3813801334886
4128.920966935307
1320.8012080870535
733.2434933939511
1864.5450834256567
869.8415107474585
3714.3074506774333
831.3893111405441
1534.0176086840652
980.3771245649423
2507.3452498245383
693.4829370265388
1707.785058363792
1616.2253310082624
615.0415266529011
1468.4302097203881
846.3880277392356
1807.688890229295
4039.52129598725
2174.6150255637594
1515.7504931854915
458.6740957968085
1214.473308950481
1211.8324868980555
1346.2239121547705
2455.2544629157164
1853.8456599882445
545.6314280227086
2483.653806026727
1981.5936975892741
1485.8220710707571
3442.855373274501
759.6370380477861
997.9848725677774
2237.759215139763
3292.3202373323106
1472.6486947113588
913.8427651587525
1132.2841185660357
979.5566495885009
1494.8960992262737
2896.0319920588267
2048.801455228736
3243.7878924672923
725.0186409085181
2186.144339390361
1138.5942100168636
1948.099150707415
2498.9786218534364
910.8471716030588
1244.4744489612135
689.5035510162677
915.4835491498471
2223.383052403741
2870.8600268932864
4569.725705686953
1040.5581647130568
1901.747240057808
877.864227466456
2661.596035742521
1372.944603958675
4631.3117338728025
1288.4079151158246
1843.7816285254191
1162.9428153709393
2343.655135279314
1282.1132537122407
1111.663912910079
2365.369244781401
1926.027981411151
185.11349358680104
1453.9141376763314
1383.073812110992
662.9758804477196
1640.5480813203885
3497.6750054775916
2097.7054040092407
946.3194998282042
816.0589744043357
3338.9742546347206
1786.8010988095843
848.8748604033256
1827.1027347778388
654.4674057538871
1496.4287928712474
2233.0523353447998
1147.1391048093474
1847.6307858905902
2980.455502737073
1088.8976501337222
5605.058152855558
824.7882921244812
3338.552043534197
2342.294243243403
1170.328782389994
