140.46198192152588
8219.117643337604
736.7771600232081
2066.4556504830807
1253.5066410596148
741.8403625896145
1088.0427121993214
5188.147408363567
1507.7479775920883
1131.8888848722006
3867.154593666786
2856.68228105139
789.6196147198506
1392.6687416428501
1012.5910802999753
2625.006962855256
1372.7854121511211
1542.888874951509
5129.913583577205
5709.614068428898
2096.171662353821
1982.2496096122013
894.7187066397869
1477.8536041375573
2033.6542611007094
1414.2793697348477
1558.4581350248523
4298.347206106186
4219.195589748941
1098.2466129924462
4456.625152631269
4131.683750368613
1524.7724930841143
1179.5837601415767
1858.6455545483989
989.525732771937
1255.3807640135947
2376.7708204313008
1529.278175055241
5388.177469177527
4989.685079464971
2492.9422536648317
1289.4349321849581
3080.5013746326613
1067.0475992802571
797.681616581016
1751.9480619572983
1794.2601596948004
838.4808773046008
2205.3237467773984
1282.0191497706726
659.284361293641
1825.2300317545087
1878.438780922229
829.3994913006619
1541.9004018119058
1629.710648005767
813.7422671996188
891.6104976481689
1415.8093265028272
970.3676038026301
2263.8358577458725
1888.6802750397044
673.6519839283319
3970.0628227496704
1898.4001461518233
1498.336664574955
3061.2287341700335
847.3598780214548
791.1535946960679
3368.3956652805973
1520.4667945799583
2956.468508330984
1713.7058998275327
927.4683856548277
3197.454388604726
781.6550880672814
6121.355514615786
3782.8544152561253
2590.8466014648307
1781.3005740412
752.1054855975926
992.1567774555579
3951.0986788692494
4276.023659776168
1638.4050105754834
650.4109414062957
882.783033507561
1949.9659898372533
1286.0397485630335
1215.0730738989523
3787.940790706989
981.3919022582678
1844.3103986520705
2619.224722195493
978.9320121457303
1343.643399842089
3707.5146745502243
5074.371405595277
1278.6381225796604
