200
300
500
8420
42295
40900
20355
23535
3620
15240
16145
34105
38945
18470
17060
42855
8000
28530
1440
1270
22425
17095
3665
18570
4025
7480
45640
30625
21545
26515
9855
31905
49685
18580
13590
7325
49345
13460
7165
37060
39605
28025
33950
14495
44545
3035
27760
48965
37875
22905
23275
17765
7990
35865
31080
14280
2040
24500
47220
2865
20465
21740
15295
33165
46145
18325
31045
15300
32385
47025
22585
38835
43760
20925
48865
33560
13615
3315
48655
29920
42470
28220
27180
33565
960
28440
15305
46115
12100
21950
45065
10900
31250
27400
34585
49295
2775
45050
32415
1815
23580
11200
33965
43985
34735
5885
46590
40675
15160
46435
47815
1910
15925
45375
20710
34600
27210
11875
16360
25145
15195
43220
9820
46255
29345
10625
820
45555
10590
45245
43240
5175
3825
47705
13740
6600
8895
26400
39095
13620
2135
16165
25560
13240
41915
49120
10785
22190
15020
38065
40025
42615
18545
2270
21770
29190
6535
47545
710
44725
4640
9690
6290
10280
39340
38000
7465
10965
45300
45550
28370
4445
13300
26350
25070
8330
5895
3555
41140
20545
39305
29165
5190
8540
26930
930
40925
9865
12655
28480
20775
27685
6225
42600
15335
2915
6270
41290
39905
27355
30200
48500
45235
7395
22705
35040
9085
43815
43710
39240
21700
26920
13915
47105
23980
24305
8605
32885
4680
38975
2050
11985
25105
29375
48390
3215
31165
48550
49150
7170
25255
13785
17985
42900
5330
12810
43055
41640
35950
32450
3325
23910
40755
2705
1715
20860
44485
10130
23625
39850
5450
13385
27790
42390
38555
44390
39130
8095
1970
11435
20630
6655
48790
24300
13040
15605
17235
16275
43550
49105
30590
40440
7225
18605
47235
34335
29675
26745
20720
48775
37135
41770
18465
34580
40720
6315
45885
46150
20135
30455
47495
17335
1665
3605
29985
34355
33140
855
30810
750
10180
3495
35565
34405
33745
26730
31360
9400
36255
18535
39390
9290
11335
22775
31110
7140
18120
33195
33320
15270
12775
33650
35485
30965
42070
12835
26275
26840
19570
15155
13130
39580
23620
39885
30645
48430
7695
22440
22460
49695
9535
5570
36665
35425
20235
32880
26120
44065
35695
32485
27485
3370
33185
26910
20335
30645
38375
16530
46600
40630
45465
13605
16820
5350
2805
6635
48020
50095
10490
12985
49720
9415
20375
15810
31970
16870
38340
12170
14410
34120
27275
15405
22990
34735
2315
4650
29115
10655
25650
47000
36055
15575
13465
20995
32435
1595
32065
36475
40360
30060
30725
3115
26265
10125
38485
42630
39480
13465
42315
42550
28625
4415
47635
31810
47930
40725
30415
14565
29555
9095
45740
13225
29585
28560
23980
19655
21025
31580
46440
29600
25410
41095
40515
27870
30430
29760
1020
44410
29980
38560
14160
2120
36350
15770
34645
31395
47270
38090
29265
43335
40085
26730
46965
23845
22490
23600
46445
32700
23635
17725
20260
27265
26465
30790
20600
9970
15815
18515
47185
3825
40675
5435
21945
15325
2090
20275
49840
22495
7415
30010
18565
8945
41605
1660
27680
1545
19055
4565
16525
25735
25380
17700
46855
28650
39905
25505
3150
40555
44405
43275
2730
34765
26470
26355
23955
27840
41820
21545
44570
26355
30015
49025
49975
17320
16390
28050
49635
34615
31780
14115
28680
47765
4620
35805
7785
47100
41445
45550
44470
45150
14775
24175
18895
46965
34175
41125
32115
45920
22375
26530
17125
29650
12015
12005
30870
31235
37570
15795
15380
23355
4500
37770
29235
46715
12090
20365
12105
15975
8445
22330
5865
29420
26490
12590
40420
9005
30335
38335
38395
5815
15890
39320
26155
27640
1335
31170
20365
1085
6500
25150
18055
25065
1720
50010
46370
29935
30155
33415
28060
36465
40135
23960
30295
3025
4935
12805
32995
15030
12970
28720
12330
28265
12335
39240
14055
28835
31015
3235
7935
27775
2375
40335
7255
4500
12105
44150
44585
28295
28405
29265
14150
13470
31485
43725
27895
30015
1965
7090
19440
27545
14760
11305
3720
35525
3605
10715
31780
37465
36885
37615
4125
22500
12945
45290
35080
28210
22980
44440
20145
35355
37105
2890
18255
11395
2290
35760
6935
3580
48525
3330
39165
43075
4315
30915
16465
27675
11420
18430
30020
49465
3335
28150
34035
9085
23970
16335
17705
13030
19775
48830
34555
14735
14900
23775
33510
42195
13015
19390
49545
13450
30475
44155
37310
38635
29185
19100
21055
7645
22880
36585
16900
41630
8510
21495
33960
31420
49485
40290
32150
5950
34105
42515
17100
24785
7195
5900
31825
2900
25640
10510
1820
22175
2670
5145
45105
45645
12750
41390
10970
33485
19135
13535
6330
30790
43825
6055
7660
43075
43320
20600
10050
42815
8745
5030
46855
30750
33755
7930
32855
22365
21250
37460
42440
14455
38305
40080
20580
43140
22700
7875
9135
26760
40940
49710
38005
38840
13365
29315
43210
9160
29135
43510
46435
34795
25980
48910
12330
12980
29755
40315
5775
9355
11510
10520
25680
1855
39795
18940
820
10095
2460
44645
915
46330
4620
10140
38845
38625
18660
34380
10805
47410
25455
8645
19205
28765
49285
14080
4050
41880
30075
37275
30825
27495
45905
22435
14010
4230
48810
24650
45145
29915
1240
8350
44260
26280
30915
31940
645
26400
36230
50095
7710
13095
20260
19460
48780
20100
42175
48730
9545
8060
21335
31220
25455
38570
34775
12325
42750
23150
855
41185
7020
13345
3640
30535
25345
47260
16655
19585
10900
21165
1825
17500
20285
8075
6345
37415
15585
41230
3055
14585
32175
39795
16815
5330
6580
38590
4410
27265
40240
10595
6780
44650
24025
38695
21830
17790
42905
2395
21995
29560
33345
14580
30250
2080
15895
10950
20945
48115
24695
19705
42065
50060
7940
41240
5270
15275
38910
22975
6805
39755
18990
27260
5935
33095
19880
17530
34775
50090
8720
31580
4950
10430
5450
39120
22320
12695
31135
33715
2555
34795
25150
48030
24160
13780
9480
44220
17365
35490
44930
36455
43535
5155
27675
11245
49735
30565
45540
45910
9675
21780
36820
2150
7940
8620
49295
23040
2675
18285
18070
1390
33535
16100
5465
25320
10480
11130
43375
1535
13955
49575
13565
33960
24465
32180
16935
2285
4550
30245
42615
41065
19695
10890
44530
43545
25100
42535
27060
18850
31995
5910
47790
29740
23515
46765
9760
39790
2700
20630
