200
300
500
8420
42295
40900
20355
23535
3620
15240
16145
34105
38945
18470
17060
42855
8000
28530
1440
1270
22425
17095
3665
18570
4025
7480
45640
30625
21545
26515
9855
31905
49685
18580
13590
7325
49345
13460
7165
37060
39605
28025
33950
14495
44545
3035
27760
48965
37875
22905
23275
17765
7990
35865
31080
14280
2040
24500
47220
2865
20465
21740
15295
33165
46145
18325
31045
15300
32385
47025
22585
38835
43760
20925
48865
33560
13615
3315
48655
29920
42470
28220
27180
33565
960
28440
15305
46115
12100
21950
45065
10900
31250
27400
34585
49295
2775
45050
32415
1815
