34675
28840
23905
49145
38370
17890
29165
4510
40465
15495
20325
6255
24915
33575
22200
35705
46485
6185
44935
42095
40815
4105
48770
2025
48005
35540
10075
34440
23475
10365
42360
24680
17480
1045
46020
34045
33715
6730
7025
48530
42520
31120
38900
37500
19075
42780
23210
39835
26715
17570
19755
20575
23490
34775
28820
49750
44560
5865
1435
11800
29365
23920
13410
50075
31540
43850
12935
40765
47985
26595
49645
11535
26630
5730
9565
48945
36005
40375
19610
45435
24250
4855
10525
45735
35005
41415
27985
14680
3970
49425
30705
41370
47480
43265
48280
3645
33575
23000
5895
24385
