244.0
181059.0
100533.0
103561.0
96940.0
8340.0
1077.0
4317.0
8505.0
67819.0
1731.0
14738.0
1721.0
3302.0
3440.0
3733.0
29423.0
3536.0
6380.0
870.0
65717.0
179983.0
872.0
129008.0
27259.0
19913.0
14279.0
30081.0
4484.0
1314.0
28103.0
3086.0
30968.0
176599.0
6930.0
75962.0
51008.0
3720.0
93410.0
452.0
116523.0
70458.0
49874.0
1001.0
1259.0
25278.0
1368.0
31492.0
1177.0
36591.0
3399.0
97600.0
4081.0
4511.0
4349.0
77774.0
56684.0
40062.0
1459.0
13581.0
5567.0
2945.0
53545.0
8808.0
18626.0
13627.0
7768.0
67773.0
158074.0
93676.0
14823.0
1396.0
20238.0
37866.0
6254.0
44815.0
603.0
29627.0
5001.0
22336.0
52979.0
26952.0
59901.0
4709.0
64809.0
52175.0
17328.0
26590.0
151956.0
24605.0
3339.0
23930.0
947.0
31189.0
59338.0
715.0
23775.0
608.0
13277.0
80717.0
