0.6796699853046722
0.2874614814847058
0.7205867161876522
0.4419013542452529
0.7291610096382604
0.6027776544252789
0.15782803360851982
0.3270438542635555
0.6413841400177169
0.6849294710063838
0.2663553139517391
0.5896477212770527
0.6767503119556266
0.24975849107224996
0.10136660571863203
0.1888455212926978
0.7715445907803172
0.572555600104997
0.34772565120632426
0.5095744493104333
0.7379576438106878
0.6825944886119414
0.6594544818284073
0.7797518971393352
0.584401029180578
0.41769271240168804
0.6666560589400451
0.38423495259779916
0.562061371772607
0.19479382554597902
0.679790346400599
0.4669274974075966
0.2775092030980821
0.7176746019918663
0.5705476768920502
0.49076066262808365
0.42802186525186015
0.10835603996536669
0.4904248953779197
0.23083818368596193
0.4189667948982815
0.2627535710300162
0.452781715621078
0.4672360829159408
0.11268130926553871
0.24713212513601399
0.6005747881651076
0.14189909950132767
0.3708186695729942
0.6240073647050882
0.44907092082675626
0.7041256801295989
0.5205752752621899
0.47011958895546135
0.10274887715871757
0.6645718674544229
0.2907384038459305
0.32961200506315036
0.08982303190473734
0.3625604219466683
0.6743703332186457
0.7655609892675188
0.2630259949993929
0.23848189414812468
0.12391846225944136
0.7128457271957142
0.2073610119099344
0.3054965402460026
0.6114955923111177
0.37728962302227137
0.34515616440102986
0.46049302235698786
0.7182418264210545
0.3264141504308668
0.6051264130595067
0.18406433744147557
0.345183911281609
0.17691957270132305
0.17100923517740968
0.20645738975761527
0.5439120817405837
0.39550068427592167
0.5218784189354149
0.5387796311052343
0.43164058490921875
0.20405948653962042
0.5873771370230658
0.440354533939915
0.6776400070420037
0.5685496969732063
0.2264914570301108
0.11252967723268131
0.22965718695980347
0.0935144116360874
0.3524751595343073
0.4702501515960004
0.4667875211930467
0.20727114041907413
0.34784391279367993
0.3719520425788352
