59.446917112958644
3514.4314777043915
428.34541154748763
1139.636307436281
657.5676827768391
426.66244983291375
640.945392694003
2422.4271756685316
723.1978810036754
614.5637252492877
1818.351251882382
1483.8776451829624
406.7060317895297
784.9020237163824
559.332610246497
1477.830507848439
590.8915257087517
772.9351689491692
2208.5788779877175
2702.7576132773274
1180.184908137343
1077.3144715618137
530.3140067948733
735.1478273005085
1112.5828678887503
777.7935657239917
756.3532619997003
2472.152757081581
2004.2230135193724
499.79641439786195
2056.810872307102
2273.980719998022
776.0973003843404
723.7799567767373
991.7652513627033
584.0230815334172
674.0250871484128
1458.2759356420188
761.8715397488846
2414.3900409719035
2254.22250205917
1382.07386601993
733.0894112964285
1533.8830515087384
515.2575684183269
409.1781696019479
913.7685284084287
1086.1000974181409
376.4087578777449
1093.22965599313
641.5993631456431
337.36936510976767
1099.718764858138
976.3352177928994
415.1168312089203
909.217008140961
780.8200554878481
422.61699697681735
443.47152041243913
534.3370425097283
638.445551716982
1106.3504108288441
939.1968639109108
404.5227545994025
2380.399031252555
865.0125790828846
657.8914731395151
1558.0304049198426
477.68248093815396
439.9839725578835
1747.8509825457281
967.7597338889227
1502.8626030649789
1104.3945554236368
482.2537798830157
1462.0547157289948
375.66323758414524
3099.8126360124843
2031.971405743747
1295.775838684927
809.1260064080253
422.4131841274293
584.0078232613803
2411.48939141682
2227.4095140058926
1073.6128033014454
361.1783961447092
521.3346383167346
1011.7528417344336
641.7524530969695
547.0724464230157
1830.6205123795116
603.9184328037146
1051.571530285419
1416.3044871856387
460.8230918097955
712.8242728486624
1705.2506102399684
2622.495111575376
542.5524616278707
