4444.330312657759
701.4754895031551
7708.657975736242
3516.436671749951
4157.611294741435
2182.4197721830215
2007.4470588825045
1019.4561122119248
1509.4937467896361
1850.5244204469068
2587.4941045914647
1923.650189838176
2341.247207726138
197.67631743198388
1274.390142407415
1773.516865404111
7813.48491562029
1655.778097873219
4216.692715893854
433.101405190369
1703.6155441967874
1843.3081628151117
579.9191096283673
1614.0388140623825
2832.3429699577955
2913.5903302112583
2845.7853346404745
1679.9068767559916
2045.5396534524166
1384.879320795661
1036.8706002963047
2341.328163007885
3232.1911933788765
6141.374612035681
3579.8578523319143
2683.1051937802968
2017.6412727428617
1208.6810816136458
1095.466170861775
796.997872337215
3007.0663825644515
1525.555467020802
5311.81153390776
752.6340889500033
5867.593220865732
1007.8725649309579
936.825496240302
5964.905696828429
3023.903863834336
1157.0585750132273
1599.675628280625
1910.830975326412
3286.1063022238113
767.7499348619028
4712.060435328199
311.75720846144316
3270.767026515936
380.5048672147084
982.6033512399378
3042.4775750591225
3546.375534672192
390.4018229094553
1266.0283269773302
920.2489943199135
4511.901476124744
680.4455895679567
2296.55184164571
4989.08205185804
1288.3612318521125
2005.5294749688562
323.02294995622873
2330.671980292441
3168.635048691376
2585.0783085697494
1711.4637756075763
1549.8535165201583
1228.7444334487554
313.89901394667555
987.0689411472783
4328.113923996866
1758.3244975915059
1001.4950847293832
5231.27868203763
5932.647370078554
2304.265454082816
301.2590467240709
4387.917890017992
6013.92110082157
3509.7464043967498
958.5268161113469
2954.232464009459
1111.4667497443713
2918.551025876429
3546.415790746863
4673.135355179758
1628.8859417664673
105.00485425454472
720.3158335221109
1870.0899334041137
2217.4269488767527
