0 0 4
0 1 10
1 0 6
0 2 4
1 1 5
2 0 4
0 3 4
1 2 3
2 1 5
3 0 11
0 4 5
1 3 8
2 2 15
3 1 2
4 0 5
0 5 8
1 4 6
2 3 12
3 2 3
4 1 3
0 6 5
1 5 3
2 4 3
3 3 5
4 2 7
5 1 5
6 0 2
0 7 8
1 6 5
2 5 9
3 4 5
4 3 5
5 2 2
6 1 3
7 0 3
0 8 7
1 7 8
2 6 6
3 5 9
4 4 7
5 3 7
6 2 7
7 1 4
8 0 6
1 8 7
2 7 7
3 6 6
4 5 9
5 4 9
6 3 6
7 2 8
8 1 7
9 0 5
0 10 3
1 9 9
6 4 7
7 3 4
9 1 2
10 0 3
0 11 4
1 10 2
4 7 13
6 5 7
7 4 7
8 3 8
10 1 4
11 0 8
0 12 4
1 11 2
4 8 2
6 6 14
7 5 5
8 4 4
9 3 3
10 2 3
11 1 2
0 13 4
1 12 2
2 11 2
3 10 2
5 8 10
6 7 7
7 6 7
8 5 3
9 4 6
10 3 4
11 2 2
0 14 6
1 13 5
3 11 2
4 10 2
7 7 4
8 6 8
9 5 9
11 3 3
12 2 3
0 15 3
2 13 3
3 12 6
4 11 3
5 10 4
6 9 6
7 8 10
9 6 11
12 3 3
13 2 7
3 13 6
4 12 6
6 10 2
9 7 3
10 6 3
11 5 4
12 4 3
13 3 2
14 2 4
3 14 3
4 13 2
5 12 3
7 10 2
10 7 8
11 6 8
12 5 7
13 4 7
14 3 6
0 18 2
3 15 5
4 14 3
5 13 3
6 12 3
7 11 7
8 10 7
9 9 3
10 8 6
11 7 6
12 6 6
13 5 3
14 4 6
16 2 3
3 16 4
6 13 4
7 12 5
8 11 5
9 10 5
10 9 6
12 7 4
13 6 4
14 5 6
15 4 4
3 17 2
6 14 5
7 13 5
8 12 4
9 11 7
12 8 8
13 7 4
14 6 3
8 13 7
12 9 3
14 7 4
10 12 4
11 11 3
12 10 4
15 7 3
7 16 4
8 15 4
10 13 5
11 12 5
12 11 3
16 7 4
8 16 4
10 14 3
11 13 5
12 12 2
13 11 2
14 10 2
15 9 5
9 16 3
10 15 3
11 14 3
12 13 2
13 12 2
14 11 2
15 10 2
10 16 3
11 15 3
12 14 2
13 13 2
14 12 4
15 11 4
11 16 2
13 14 4
14 13 5
16 11 4
17 10 3
14 14 6
15 13 4
17 11 2
14 15 3
15 14 5
15 15 2
16 14 2
17 14 2
18 14 2
