0 0 7
0 1 12
1 0 6
0 2 5
1 1 10
2 0 2
0 3 3
1 2 3
2 1 2
0 4 7
1 3 8
2 2 2
3 1 8
4 0 5
0 5 8
1 4 5
2 3 4
3 2 5
4 1 10
5 0 7
1 5 12
2 4 10
3 3 4
4 2 3
5 1 2
0 7 5
1 6 4
2 5 5
3 4 6
4 3 3
5 2 3
7 0 3
0 8 8
1 7 4
2 6 6
3 5 14
4 4 5
5 3 4
6 2 3
7 1 9
0 9 6
1 8 8
2 7 4
3 6 7
4 5 5
5 4 4
6 3 4
7 2 2
8 1 2
9 0 4
0 10 4
1 9 5
2 8 9
3 7 6
4 6 8
5 5 12
6 4 8
7 3 2
8 2 6
9 1 4
10 0 7
0 11 7
2 9 10
3 8 9
5 6 7
6 5 9
7 4 8
8 3 7
9 2 5
10 1 6
11 0 6
0 12 2
2 10 2
4 8 12
6 6 10
7 5 7
8 4 12
9 3 3
10 2 6
11 1 5
0 13 6
1 12 2
2 11 4
3 10 9
4 9 2
5 8 9
7 6 10
8 5 3
9 4 5
10 3 6
11 2 8
0 14 2
2 12 3
3 11 5
4 10 2
5 9 5
6 8 5
7 7 11
8 6 9
11 3 2
12 2 2
13 1 4
14 0 2
2 13 7
3 12 8
5 10 5
7 8 11
8 7 9
10 5 8
12 3 7
13 2 3
14 1 2
1 15 4
3 13 2
5 11 4
6 10 3
8 8 7
10 6 8
12 4 5
13 3 6
14 2 4
16 0 3
4 13 7
5 12 4
6 11 5
7 10 2
11 6 6
12 5 5
13 4 4
14 3 3
4 14 4
5 13 5
6 12 4
7 11 2
8 10 2
10 8 5
11 7 5
12 6 3
13 5 4
14 4 2
15 3 4
5 14 3
7 12 4
8 11 2
9 10 2
10 9 4
13 6 5
14 5 3
15 4 4
16 3 2
2 18 2
5 15 5
6 14 6
9 11 3
17 3 2
6 15 5
7 14 3
8 13 7
11 10 3
6 16 4
7 15 4
8 14 5
9 13 2
11 11 2
11 12 3
13 10 3
10 14 4
11 13 4
13 11 4
14 10 3
9 16 2
10 15 3
11 14 2
12 13 7
13 12 3
11 15 4
12 14 3
13 13 2
14 12 2
11 16 3
12 15 5
13 14 2
13 15 3
13 16 4
14 15 2
15 14 2
14 16 2
15 15 4
16 14 3
15 16 4
16 15 2
16 16 3
