0 0 5
0 1 2
1 0 11
0 2 3
1 1 10
2 0 15
0 3 5
1 2 3
2 1 6
0 4 4
1 3 4
2 2 2
3 1 15
4 0 2
0 5 5
1 4 8
2 3 5
3 2 3
4 1 2
5 0 3
0 6 5
1 5 4
2 4 12
3 3 4
4 2 4
5 1 9
0 7 11
1 6 11
2 5 5
4 3 3
5 2 7
6 1 10
1 7 4
2 6 2
3 5 10
4 4 7
5 3 4
6 2 5
7 1 9
8 0 2
0 9 7
1 8 8
2 7 4
6 3 11
7 2 10
8 1 9
9 0 2
0 10 2
1 9 5
2 8 4
4 6 6
6 4 5
7 3 6
9 1 9
0 11 4
4 7 5
6 5 3
7 4 2
8 3 5
0 12 2
1 11 2
2 10 2
5 7 13
10 2 5
1 12 3
3 10 3
5 8 10
6 7 6
10 3 4
0 14 4
2 12 6
3 11 5
4 10 3
5 9 3
7 7 6
10 4 4
1 14 4
2 13 3
3 12 3
4 11 5
5 10 2
7 8 12
8 7 10
10 5 5
11 4 5
12 3 3
13 2 5
2 14 6
3 13 6
4 12 5
5 11 4
6 10 6
7 9 6
8 8 12
10 6 9
11 5 9
12 4 6
13 3 2
14 2 6
3 14 6
5 12 3
6 11 5
7 10 4
10 7 7
11 6 3
12 5 4
13 4 6
14 3 2
15 2 4
2 16 4
3 15 2
4 14 4
5 13 4
6 12 6
7 11 2
10 8 5
11 7 7
13 5 5
15 3 2
5 14 3
6 13 2
7 12 2
8 11 4
9 10 3
11 8 2
12 7 6
14 5 5
16 3 3
7 13 6
8 12 3
9 11 2
10 10 5
11 9 3
15 5 4
9 12 2
10 11 4
11 10 4
16 5 4
9 13 2
10 12 4
11 11 6
12 10 3
9 14 2
10 13 3
11 12 6
12 11 5
9 15 4
10 14 5
11 13 3
12 12 6
8 17 3
9 16 2
10 15 5
11 14 5
12 13 2
13 12 2
15 10 2
9 17 3
10 16 3
11 15 5
12 14 5
13 13 4
14 12 2
16 10 2
13 14 6
14 13 2
15 12 2
13 15 5
14 14 2
15 13 2
16 12 2
15 14 4
16 13 4
16 14 2
17 13 3
16 17 3
17 17 3
