0 0 18
0 1 2
0 2 7
1 1 4
2 0 9
0 3 5
1 2 4
2 1 6
3 0 4
0 4 16
1 3 10
2 2 8
3 1 2
4 0 4
0 5 5
1 4 3
2 3 2
3 2 4
4 1 4
5 0 4
0 6 10
1 5 5
3 3 4
4 2 5
5 1 2
6 0 3
0 7 3
1 6 9
3 4 16
4 3 4
5 2 6
6 1 4
7 0 7
0 8 3
1 7 2
2 6 9
3 5 7
4 4 6
5 3 8
6 2 5
7 1 3
8 0 7
0 9 10
2 7 5
3 6 8
4 5 7
5 4 10
6 3 6
7 2 6
8 1 3
9 0 4
0 10 4
1 9 11
2 8 7
3 7 6
4 6 5
5 5 15
6 4 6
7 3 7
8 2 7
9 1 2
0 11 2
3 8 9
5 6 9
6 5 4
7 4 5
8 3 5
9 2 3
11 0 5
0 12 3
1 11 4
2 10 3
3 9 7
4 8 9
7 5 8
8 4 4
10 2 3
11 1 2
1 12 3
2 11 4
3 10 4
8 5 9
9 4 10
10 3 3
11 2 6
12 1 4
13 0 3
1 13 5
2 12 8
3 11 2
4 10 5
7 7 9
8 6 7
9 5 3
11 3 4
12 2 5
14 0 5
0 15 5
2 13 5
3 12 4
4 11 2
5 10 4
6 9 11
7 8 10
9 6 7
11 4 3
12 3 2
13 2 7
14 1 4
15 0 3
2 14 5
3 13 2
4 12 3
6 10 5
7 9 10
12 4 5
13 3 4
14 2 3
3 14 6
4 13 7
6 11 3
9 8 4
10 7 2
13 4 3
14 3 5
3 15 3
4 14 5
6 12 3
7 11 2
8 10 6
10 8 3
14 4 2
4 15 2
6 13 7
8 11 5
10 9 2
11 8 8
6 14 5
7 13 7
8 12 4
9 11 3
11 9 2
7 14 3
8 13 5
9 12 5
13 8 3
11 11 4
12 10 4
13 9 5
14 8 2
10 13 5
11 12 6
12 11 2
13 10 3
14 9 2
8 16 4
9 15 2
10 14 3
11 13 3
12 12 5
13 11 4
14 10 2
16 8 2
8 17 3
9 16 2
12 13 4
13 12 2
14 11 3
10 16 2
11 15 5
12 14 4
14 12 4
15 11 3
11 16 4
12 15 5
15 12 5
11 17 3
12 16 2
13 15 2
12 17 3
14 15 5
15 15 4
16 15 4
17 15 2
18 15 2
