0 0 3
0 1 2
0 2 6
1 1 2
2 0 7
0 3 13
1 2 8
2 1 12
3 0 3
0 4 4
1 3 6
2 2 13
3 1 7
0 5 7
1 4 6
2 3 7
3 2 3
4 1 3
5 0 7
0 6 7
1 5 6
2 4 11
3 3 5
4 2 3
5 1 5
0 7 5
1 6 11
2 5 5
3 4 4
4 3 3
5 2 7
6 1 2
1 7 13
2 6 14
4 4 12
5 3 3
6 2 3
7 1 2
0 9 7
1 8 7
2 7 7
4 5 5
7 2 9
8 1 2
9 0 6
0 10 3
1 9 3
4 6 8
5 5 2
7 3 5
8 2 3
9 1 9
10 0 2
0 11 2
1 10 3
2 9 2
4 7 7
5 6 11
7 4 10
9 2 9
10 1 2
11 0 7
0 12 5
1 11 2
2 10 2
4 8 11
5 7 7
6 6 11
8 4 8
9 3 6
10 2 4
11 1 3
12 0 3
0 13 4
1 12 3
2 11 2
3 10 5
4 9 9
5 8 11
7 6 4
8 5 3
9 4 2
11 2 3
12 1 3
13 0 2
0 14 3
1 13 4
2 12 3
3 11 3
5 9 6
8 6 4
9 5 5
10 4 5
12 2 6
14 0 2
1 14 5
2 13 4
4 11 6
6 9 10
8 7 3
9 6 10
10 5 5
11 4 6
12 3 5
13 2 2
15 0 4
0 16 4
2 14 2
3 13 6
4 12 4
5 11 4
7 9 6
9 7 9
10 6 5
11 5 4
12 4 4
13 3 2
2 15 4
3 14 4
4 13 5
5 12 4
6 11 2
8 9 7
9 8 2
10 7 5
11 6 3
12 5 4
13 4 4
4 14 4
5 13 4
6 12 3
7 11 2
10 8 6
11 7 5
13 5 3
14 4 2
5 14 6
7 12 4
9 10 2
10 9 3
11 8 5
14 5 5
15 4 3
5 15 5
6 14 4
8 12 6
9 11 6
10 10 2
11 9 2
13 7 6
15 5 5
16 4 2
6 15 5
8 13 6
9 12 2
10 11 2
11 10 2
12 9 3
13 8 5
14 7 4
9 13 5
10 12 5
11 11 2
14 8 2
15 7 3
7 16 4
8 15 3
9 14 2
10 13 3
11 12 2
13 10 2
9 15 2
10 14 2
11 13 2
12 12 2
10 15 2
11 14 2
12 13 2
15 10 4
10 16 4
11 15 2
12 14 3
13 13 5
14 12 6
10 17 2
13 14 3
14 13 6
12 16 4
14 14 2
15 13 4
14 15 3
15 16 4
16 17 3
17 17 2
