0 0 4
0 1 7
0 2 5
1 1 4
0 3 3
1 2 2
2 1 6
0 4 16
1 3 3
2 2 8
3 1 7
1 4 5
2 3 6
3 2 6
4 1 4
0 6 7
2 4 4
3 3 8
4 2 12
5 1 2
0 7 8
1 6 5
2 5 5
3 4 4
4 3 2
5 2 5
0 8 6
1 7 8
3 5 7
4 4 11
5 3 4
6 2 6
7 1 4
0 9 6
1 8 5
3 6 5
4 5 10
5 4 7
6 3 8
7 2 3
8 1 8
0 10 2
3 7 5
4 6 4
5 5 7
6 4 4
7 3 3
8 2 8
9 1 4
10 0 2
0 11 2
1 10 3
4 7 8
5 6 7
6 5 11
7 4 5
8 3 11
9 2 2
10 1 2
11 0 4
0 12 3
1 11 6
2 10 2
3 9 5
4 8 11
5 7 12
6 6 6
8 4 4
9 3 2
10 2 9
11 1 2
12 0 4
0 13 4
1 12 3
2 11 2
3 10 5
4 9 6
6 7 10
7 6 6
8 5 4
9 4 2
10 3 2
11 2 3
12 1 3
13 0 5
0 14 6
1 13 2
2 12 3
3 11 3
5 9 5
6 8 7
8 6 10
9 5 9
10 4 5
13 1 2
14 0 5
0 15 3
1 14 3
2 13 5
3 12 3
6 9 8
9 6 10
10 5 6
11 4 2
12 3 7
14 1 5
1 15 3
2 14 5
3 13 5
4 12 3
5 11 4
6 10 8
10 6 2
11 5 8
12 4 6
13 3 4
14 2 3
15 1 3
16 0 3
2 15 4
3 14 5
4 13 4
5 12 5
6 11 4
7 10 2
10 7 4
13 4 4
14 3 3
15 2 3
16 1 2
17 0 2
6 12 2
7 11 2
8 10 6
10 8 6
11 7 7
12 6 5
14 4 3
2 17 3
3 16 4
6 13 4
7 12 5
8 11 2
10 9 5
11 8 7
15 4 2
3 17 2
6 14 4
7 13 2
8 12 2
9 11 2
11 9 2
9 12 3
10 11 3
11 10 3
12 9 4
8 14 6
9 13 2
11 11 2
12 10 3
13 9 2
9 14 4
10 13 3
11 12 8
12 11 2
8 16 4
9 15 3
10 14 6
11 13 2
14 10 4
8 17 3
9 16 2
10 15 5
11 14 3
13 12 3
14 11 2
16 9 3
9 17 3
10 16 3
11 15 3
17 9 2
10 17 3
12 15 2
13 14 5
18 9 2
10 18 2
13 15 2
11 18 2
12 17 3
14 15 4
15 15 3
16 15 4
16 16 4
