632.8992288252873
2166.707572853358
1145.6936785701728
908.3510031507687
1618.6212087323934
1719.2343102958773
1430.3079925911056
1075.6041839129439
2494.23836789936
2279.7994188923903
2119.07533553267
5904.685698028817
5573.565015894314
943.7737109843832
5407.91965771589
1767.6569019191202
1813.4426622197377
1731.6110793036714
5121.655280464799
2037.1381698279238
914.8558527449503
1726.962695900736
1546.019961183855
795.0193206450405
2217.4807400575237
2622.1198274763306
2054.354788759537
946.8010451472667
1574.4583294213573
1066.365237920161
942.4958798964865
1085.6773783326712
608.4445594956491
1031.4722340686958
1398.0258539627712
976.6437715466957
1665.790127258852
1497.5850943179005
2091.453513608389
869.7718874074807
2271.1110335446933
1964.8199041802077
982.295674306283
5713.362926417684
1278.1609562588285
3814.0241881021643
879.218490887063
2463.354687714797
5006.212206569054
1816.3058248104762
812.0218967855451
1877.258853653331
3773.5972875381285
1502.3610063289934
1590.8422854787304
1797.6525670769822
1315.9675587870213
944.9553311986117
2666.4931253625273
1322.323520758297
5978.956412678683
738.6977928291435
1039.736418053457
992.3249104213613
774.5698373497046
2127.79620318271
4675.172282935444
821.8416994641386
3514.3628543496384
1392.2599102303618
1006.8868350993334
841.8527265617691
1866.3725931028928
2410.1149291422944
2668.059585983441
186.7120943957263
3560.6146988669866
1434.6601176848862
1492.2198490046567
871.398282628715
2349.6237161644312
3035.8289157043646
1101.41841328265
2598.459563886939
1337.8355923391132
1667.3645116848961
621.5120999117213
1195.0012983642844
733.1929403451821
3245.097680240518
2310.3139247786216
2638.718824367718
1299.0832055063381
1689.5379473405587
3025.8153215777184
1131.9048439049802
2408.6264092106335
1745.3042926149599
2035.2561316307847
2688.1288934943295
710.5372573613738
3898.6855380424927
3045.6606627857714
2847.6043667170616
1053.4096421514062
1157.0233180570247
1934.1586273442015
1430.8555158709469
2166.3595009145156
871.3971196374828
4534.403617862164
1268.517480349103
1344.6430472777256
5594.320894940329
963.6130850106115
3161.369342343717
3062.1063509147766
1015.4037419879074
3677.3691655729344
699.2761859185141
1180.1295352878606
1545.1357373504281
1815.4682848075922
1108.7497361462756
2196.9791993998024
3193.2591719102966
3242.205108884909
2649.0966187085255
3309.34508711094
2217.552400994185
2990.055601037324
3413.465727262851
1168.7775427684678
1294.9944901303568
1434.5664325556904
618.390543707912
1069.427457523037
1501.5900236344185
627.4936168124223
1641.885415962524
3989.29981687823
3967.4802990876888
3194.7629478367057
5548.523357196106
800.9035962070569
1019.7436623055878
2967.836013110544
967.1594815591941
1716.1177015923315
1036.4104872369473
5137.3498750405615
962.1084667639949
1980.1328420817442
2531.013839600216
3924.6729106136163
747.6850429820275
1149.1119673356245
1161.3323020625428
3978.970917989246
2516.1815318351155
1467.0163450301384
943.1157505522094
932.5329823237563
1942.0158533295469
1634.2116125100606
1318.7604757197748
890.3732162632754
1548.3363328632563
842.5174619869259
2191.1589329649532
2358.34736503777
1468.1291342105742
1434.855823322366
974.5937726173049
882.2548848880388
620.0694825638
2863.3754055720187
827.1997309735145
683.1895362110866
4129.0500783266325
4515.760981295761
2138.6561972239388
1876.3624738305589
1836.3213184189995
1315.0090476624523
3924.554000842618
1266.8568262399544
699.439807447121
1404.5326469714187
3276.8186731171822
1247.9876637745658
891.5653777424686
869.1374254622469
3000.6121744377015
981.5388833022954
3014.6285733526643
1705.7510951913127
921.3060075090588
1482.8937996536752
963.4752134339035
573.4213853541149
915.4894843825545
1112.958235165071
1332.2667175301578
1338.0412661063986
857.4996110134128
1112.3645490151828
952.7324887736879
1579.5602813053981
5254.1717739458445
1861.2914348598365
2198.0033391596903
3544.6259799263544
4366.526903637167
1928.2538395699976
3796.6136993825676
3765.864044504332
1514.4518885226069
3517.0815654982694
1302.1159277697936
5645.572567915115
1738.0002539020616
1093.1147656681947
2273.693792237778
1937.6788216604205
822.7072072356955
551.6935682511775
5133.38985420145
1914.8144712157343
1261.2958384900987
892.6117951929388
1477.1113109693126
1414.7803949401525
990.3991799905756
985.3199256171349
1763.709166851171
754.5826429715356
863.6283664831216
782.3621702182852
1119.0578821195422
2278.561223256456
1540.8215499186656
1340.262274032674
1460.1586998032978
1293.4286265990586
1363.9611816115228
1257.5977540900506
1125.7791458939314
6310.118982329194
2192.7346010042934
1329.0578656923694
1632.458918835703
2688.4972805572797
1147.5414653763758
3911.241840765523
2639.8194730265727
2549.7207242928807
2864.7511254242618
2242.444702623741
1013.6926535918126
1876.6391208234666
2806.1319294515683
1192.6857858981798
986.7290690243782
2707.82812262832
1244.2628481213746
4488.889843660878
3538.5794433441774
733.6599078637564
2153.309326830563
5355.606218521724
875.6894434013502
1919.8641843879325
2349.5430806503277
960.6080815162129
324.0512901473126
1492.2286631511215
1229.2582105956533
2071.6821464315667
2265.225935704566
950.9999859715233
5798.369960801939
1420.2066024774672
1018.0037222272476
2307.893427662694
892.8684945585107
770.5921535811075
904.9073379074209
1657.764205193951
3321.3802443373047
1111.7028098540752
2662.27669497137
3028.155231248437
1433.109293089789
888.6591959420164
1239.425225344783
1024.6486160361546
2767.8461831620652
4394.585106000065
6139.865353887417
1695.9822319370787
2588.475615901515
945.042131833092
1704.0898441658883
920.1162368469746
4015.8981983673048
860.5990945512358
1166.1506407888846
908.9653738571052
5288.652575220226
3685.499779918319
2219.1619605864903
1361.8681943634622
1763.419293344211
1618.8838746559527
804.5820601679438
3093.5681856909723
939.5421427394256
4771.443597095738
2479.358673233593
1754.8728824866864
2918.333834296466
3680.804784114834
1228.4134772937268
1935.9961713985954
3810.3683438519947
853.1517063605015
1227.416321097837
1248.9420080662098
5008.79053032738
1367.7420394002513
4178.507597824861
980.5571653393929
4778.008639353813
4258.346048625405
1133.7425597226704
964.6594425654553
1000.1901024129893
4173.986617442222
792.4444007416164
4133.652975339261
1514.9739783295483
6130.366503925455
1999.2458433859267
1659.8005635731213
1062.4700351590084
2078.679257742054
1296.568424044736
1228.0874285725213
1564.721555570877
1223.0398603659335
3865.3800245884972
1257.0015925481314
3764.47424768497
765.8129717512818
1207.8971120027195
1569.911564469846
1022.7420077335543
870.3371459758431
3540.3071841010146
910.0974030391494
958.4337737540826
912.0506189349198
3445.558063116403
1886.7291200482
5899.180293724258
910.8624894951829
901.4194392188831
1836.346566808227
2621.5370037451135
2658.12355394196
635.2131582876882
4105.134439971334
961.325437821149
2806.5460655022025
240.62007903460562
3037.4168007123862
1424.2531042985881
1090.1369010291623
1688.587960958428
4521.855501751792
3044.302520452123
3349.658678231962
922.2005969803852
1486.3507815508488
692.024467168792
1263.065575075349
600.4654415222775
918.4877080167308
846.7744466717746
1619.3403408354573
1070.6605255676232
3121.686493835055
5189.54513351152
1773.1106917679217
1437.2367127541181
2880.795432642429
1151.6974477915571
895.7404866867217
2337.137188993398
2460.554431248155
4942.609166125181
5707.366069680746
1003.2799878316408
2546.0038889137672
1329.7419945203017
5335.330779834094
5111.372884971472
3826.7163451585493
1909.333590121479
2531.092315981418
4645.883598087992
817.1993966619683
1200.7102373627245
1146.2732376100353
5014.306731472557
978.9373606637748
1727.0249264934303
1607.7711930695514
2469.6140476529627
962.2573136747733
2753.3223035400106
2098.9282282786685
1898.2506005599857
783.2685125610444
1724.8538860292279
670.3609882031096
2187.6104711711346
1002.0954401508117
1397.7682560566038
3560.8963464942526
893.6795130530659
633.9771290858696
1012.1125344873814
1267.3654999762
4049.4005408701987
1255.523477052001
3641.128699981261
694.9037693265934
1108.5232649002714
1921.6935464901314
1733.0604185398106
3086.550454461649
5723.8171739806385
805.3960840460298
980.728766332458
963.9504953422589
767.5678338547339
1721.1522701733145
1057.448891783552
1078.46515642101
1619.2024864880123
6183.072956500077
4844.462032587464
2127.161271350324
2051.8808247795587
1295.476383501826
4245.873761278772
1212.7443551123267
2972.047165298273
3804.0732563149218
3370.142623592779
2820.7434411269583
1283.396647513715
1612.0836816798203
1610.3416642867487
2215.5277460856387
1560.798345321698
582.4121353001017
835.3378113326622
3471.451967253964
1886.9825780723816
790.0823783247678
3382.1693344995924
1292.2645864750714
138.56291171629496
1528.6429686186534
2346.756094409257
941.2144283704213
1869.5022671843806
666.2060451927572
1611.707813440927
919.0042856420399
717.4548306092313
829.0691442627943
1491.7358311880612
794.2680585386521
3392.006880227044
1652.7502067985454
3342.7213702742674
3995.095553403934
1001.40842811915
917.9321789359551
4824.7235744344325
1144.6872238869666
1271.8716729107493
3544.9841384522056
1722.8061826244025
4389.304978522408
5421.470709315012
1221.2826891964833
2187.2887064336924
1814.282428454955
1460.7500448337853
1596.6286586441524
1314.9086233828489
3355.0295971330634
2383.2774204994607
825.2573620447305
932.936533337197
4503.424768173924
978.1668394544105
2014.3155465049101
932.5403403274302
5141.03938938962
3173.622927176034
781.1106453953488
2843.7283215686793
1388.1084228061188
1956.0521580455018
1014.2456600345313
925.8303578228579
888.5557486867016
3082.2451423667753
1454.9202362782742
1164.9309142895909
1412.3048766526467
767.0462221068283
2743.6310408301383
1839.4753772540137
891.4549100677939
899.9982589425516
2847.725216902079
821.9186167711899
1948.1520637032336
619.8576736336665
957.2576972740653
598.1147349935685
1024.9836790619413
1114.1583342325484
907.1190808903825
2846.0715886802823
2838.516747261349
1195.3547146673507
2304.33286180044
862.7569142625342
1214.2779369663615
978.9059341132653
1537.0004012729746
3209.7739647773055
778.1573328563995
1137.0105574800723
4815.891869323956
1304.030948567404
795.1567331932575
3276.905891678924
1385.773224214275
1336.0258981591414
1094.8548094542043
1300.435027859603
3822.344707356154
3379.938831433232
4192.8280134943625
1452.3130616473618
1137.7364754506343
4534.996634475993
873.4630892166904
2391.1212335527603
1081.7761881393862
1200.6238138953795
1479.569653993425
3533.3952960803213
778.6325644734615
4142.4513600589435
1473.6418406625125
518.6762906881107
4250.7637859070965
957.6344161685646
4055.2130181943085
1678.7255299836372
746.2786686443002
1074.5583270621255
1882.2149793369201
1476.4134657755337
908.786776167673
2596.4211767601532
4791.545201502937
1094.9927614825028
664.7465363478673
1769.1371189610213
1231.5189659854504
910.8841283992053
6138.912062545538
841.1045519410023
1409.033279122256
1811.039580552378
5586.648368761862
1728.840582718307
1419.5954025516855
1182.2049254753588
2446.526568945793
1780.9653165830034
2144.5215956384855
5543.801708433306
4040.9996752013003
4736.917892714356
1125.876117850973
1005.4812557607135
2523.989729884535
1282.4728721301935
896.1110683980211
5950.956406166556
2021.341457607546
1208.8780584187716
1612.502815225374
1346.3775406023515
1326.594677777372
1516.2700783073542
2616.3065783202246
3713.322582822389
1518.7171515709167
2104.3511144659024
5685.593914648552
2083.6192982401585
3933.8806965760486
1637.1427386664202
763.4320592726958
1236.3819293681952
1125.3445730262663
2236.8041677480687
1351.0765617517716
894.4747608944199
426.32808560657907
3087.390558586015
3421.580037569144
3197.1115080122645
3645.5074953780622
1378.1315823179114
1016.2974448704866
1430.1422449633956
5386.649514764103
6227.288548434481
6206.699703759788
4350.600810629332
2303.9593169422483
3968.460812145993
1087.9106017113852
2983.6353822922715
1533.3738836773427
2177.741160045845
2190.6230766485305
3256.7672969935247
899.7476878289547
765.4224486659757
1069.2897462000542
869.971497356224
800.7117450077255
2032.3907527112115
1378.1523697790624
1053.6167978124442
3102.2977092906326
1066.8421200750963
849.072445549736
4183.6425619611755
1074.4184109850394
1256.2344687656755
993.1164228246517
1376.2210568806588
1090.9625180093387
950.5731321301497
1158.6471217054116
3024.3366661431123
2751.2567470460863
2740.203366813715
3442.9453913491457
146.4586765487527
3573.106983089788
690.2637653625862
1706.4256765750622
5288.46379421377
2873.673749926616
962.2002482543364
2177.0417422831447
2545.6862722395736
900.3257367572062
1266.6014990795773
836.1325724330973
1054.0342505212382
717.515172952241
3364.230534058899
3359.7205129574218
5837.40210741097
903.9705036212339
1199.8516453683471
2167.119113944449
2572.3125201123557
2258.834626397625
1293.9037310004678
1906.3499629051646
958.9484154301337
1038.5990947823304
3212.77570268257
1103.3246572374348
1334.2397322342683
2072.550860246965
1038.8486110742629
1115.2379734135957
901.1447859556469
1559.5265292467543
791.6435310620165
2170.158461215301
2179.3506591862724
1186.327034566421
1780.8455007085322
1372.9235398719659
1183.9656531991868
1331.993519754994
5530.155802605126
1787.027734573885
4740.16557527912
2011.858534054178
1357.2654939556553
961.3906669471426
2349.52428835955
1272.69745459922
1307.523050198986
469.14195323411906
1374.6399892428592
1204.4564613324228
1348.4781663287745
2888.525640705652
1631.5734009834002
545.8333744074721
1118.2875974237795
3374.564726682384
4049.9851401404185
1684.0985526708873
1303.413069656366
1782.4775650927374
2708.213410682939
2291.697938250444
1172.8964361271712
3854.9860145622606
806.1780839241746
1941.8952343835304
4409.550568279368
3647.6755702861306
758.4029994096577
1070.278085581907
722.2577170083301
1057.1785441493687
2564.028311634185
3172.0815009659145
1154.5509585604789
802.3221753650697
3464.8788373291977
1165.5566327547033
4161.628784862908
2663.0962776630295
2199.7116124448576
1117.8270196744377
946.967509084528
842.6803084122348
2790.942148592052
1802.3167974689127
859.7472060868901
3052.6551047616003
2426.544580767168
961.7946004679973
1067.2435097597295
1418.8280456966893
4781.625953395165
1166.8131398474031
5175.381017440679
883.7369572244072
134.5047594010209
4049.251741816462
936.8920106584576
848.9853641290399
1681.0831408972397
766.0893456111012
1828.3955410794442
4032.181064829223
764.5473960222829
4110.544402875275
799.2812642022428
3767.8105095974915
612.0038517188901
4544.572498289571
850.8086804730034
2733.6988336743807
4826.950832946724
1875.8545785904994
961.0527250655904
2164.925782979676
4485.690773852813
2002.7318966503824
800.003422241935
3487.5658700048666
1274.3315207222665
3917.976726264562
4987.078050323782
2177.297183690376
2385.5859756187842
3846.9870048793077
3158.28592988449
1649.477409297988
882.2635428858573
1034.1489133880375
2250.033418152118
1091.192550234088
1875.2378442530392
2403.922132338932
1036.5618139173696
5064.171198110651
3839.4133699297895
1511.6922299705107
1519.6302781490185
2550.995826843176
3035.43110194113
3471.9762378478445
1523.2123916997105
5735.793887457578
850.9659338983022
801.5162774491221
750.7090468541367
551.295664819476
759.3573812531814
2263.179172304636
1600.4658468925327
1249.3664395579365
5402.185640673634
987.8856257982159
1143.6738350591368
1740.2195375516283
4037.347792474394
1989.5434156142092
2353.3328355500935
628.9232367696719
2696.085200460657
2718.714200925799
2926.955118391593
1118.1891168215827
3608.3085121069644
805.5511151221639
867.168389821423
5547.257064141267
1286.8183204089107
4985.771555025925
896.9426515933371
1062.3428742043952
3224.5263956394956
1105.5673327870545
1139.9991201212365
5078.700375794895
864.8026091941647
826.4447585480825
1762.6053429658775
1645.9732698533167
1307.0944074273768
1281.5874932826878
923.5293805683613
3377.4611758219435
5515.046940145446
1618.090617601181
1597.0218905637087
4668.1841378289755
952.7982210884894
1256.0529052352508
1861.4496133399618
1151.97755403264
802.9563053902147
3810.873379838606
2403.9172377951004
1880.8972065461837
149.43940772995856
2191.2318999023732
1679.970390662138
976.8031901127433
5346.166380814926
657.4920303450916
1096.4868311090715
1871.7639643046516
2209.6539204426526
1943.558995027299
912.9295209274611
846.403850811879
2207.367954692443
1632.3700904073503
1084.9871662856015
3273.4171828115655
2667.24349865667
1424.18754370893
757.5924569554666
1134.843265661114
2548.6460016766446
1741.3836498907099
1308.562225667767
3468.3519762662168
1272.2100586482622
1691.2013924642622
1343.7826251598028
1669.3485927767006
3438.674701988131
749.681100994116
1976.5239117406343
4128.357496271822
1294.7961431449583
746.0975831552286
1920.5644365202998
872.2505090875733
3804.7146080237508
827.4972850322747
1551.7029623783126
974.2824697672886
2558.541923747707
705.8408712279783
1727.9724446181915
1707.226122131359
640.5599731650002
1485.6575862010748
867.4416057642999
1825.093883220403
4066.931359174532
2200.597177082233
1528.6289990387302
475.07759382673294
1234.2213920788101
1240.204929816898
1350.3598842876354
2492.17970883046
1878.1616269001815
541.9245420105409
2513.772057849105
1979.622066090921
1502.2131102253009
3490.99327416341
764.8955725067337
1002.6670793249439
2263.5593312954975
3326.605296734066
1487.9061374632329
931.0365996105251
1142.8621537120855
990.8566392233937
1517.466344158625
2971.0827874207234
2064.324877233262
3257.885068968906
723.5322268085351
2233.9202281515936
1146.9385425146634
1982.3526132314098
2471.7337446139313
935.5949890483673
1256.444432095626
700.1238182481222
930.4581380001464
2235.3590270554228
2943.9588613639717
4601.061940074148
1043.9354960141936
1961.1730373045486
878.4565399494084
2697.4435005606456
1416.8792699466067
4678.275999094936
1374.8400105352823
1837.1073597184304
1183.0617740002322
2368.1721573602226
1293.3942247134794
1148.0702182570735
2405.1222819341374
1961.0384096326434
180.0024398817594
1469.43072510463
1410.8443824346693
672.7938075788348
1639.3376359180045
3536.5591139895378
2111.793817890727
956.7782255849454
810.3625108382093
3436.524636164038
1811.4913906582376
838.8031515024954
1819.3336035380387
652.9169797669703
1523.7469532282794
2304.7789436095068
1164.3231727403647
1863.5664373635257
3018.897260075189
1097.3774258898804
5755.283246977947
831.8417085398995
3395.7549767287705
2377.068758622833
1190.2505174624987
