632.8992288252873
2166.707572853358
1145.6936785701728
908.3510031507687
1618.6212087323934
1719.2343102958773
1430.3079925911056
1075.6041839129439
2494.23836789936
2279.7994188923903
2119.07533553267
5904.685698028817
5573.565015894314
943.7737109843832
5407.91965771589
1767.6569019191202
1813.4426622197377
1731.6110793036714
5121.655280464799
2037.1381698279238
914.8558527449503
1726.962695900736
1546.019961183855
795.0193206450405
2217.4807400575237
2622.1198274763306
2054.354788759537
946.8010451472667
1574.4583294213573
1066.365237920161
942.4958798964865
1085.6773783326712
608.4445594956491
1031.4722340686958
1398.0258539627712
976.6437715466957
1665.790127258852
1497.5850943179005
2091.453513608389
869.7718874074807
2271.1110335446933
1964.8199041802077
982.295674306283
5713.362926417684
1278.1609562588285
3814.0241881021643
879.218490887063
2463.354687714797
5006.212206569054
1816.3058248104762
812.0218967855451
1877.258853653331
3773.5972875381285
1502.3610063289934
1590.8422854787304
1797.6525670769822
1315.9675587870213
944.9553311986117
2666.4931253625273
1322.323520758297
5978.956412678683
738.6977928291435
1039.736418053457
992.3249104213613
774.5698373497046
2127.79620318271
4675.172282935444
821.8416994641386
3514.3628543496384
1392.2599102303618
1006.8868350993334
841.8527265617691
1866.3725931028928
2410.1149291422944
2668.059585983441
186.7120943957263
3560.6146988669866
1434.6601176848862
1492.2198490046567
871.398282628715
2349.6237161644312
3035.8289157043646
1101.41841328265
2598.459563886939
1337.8355923391132
1667.3645116848961
621.5120999117213
1195.0012983642844
733.1929403451821
3245.097680240518
2310.3139247786216
2638.718824367718
1299.0832055063381
1689.5379473405587
3025.8153215777184
1131.9048439049802
2408.6264092106335
1745.3042926149599
2035.2561316307847
2688.1288934943295
