142.2540854349501
8318.133222766393
757.3202996034832
2062.6121806953615
1258.5363047961384
741.6646900643609
1093.9286586524493
5246.229839331316
1511.1776022674403
1163.0251692541149
3923.612041373778
2880.980701733863
803.4929208991119
1405.1561563270513
1040.81580834077
2654.115831895412
1371.4630958398036
1544.6149751920884
5194.869983941325
5789.565842672158
2172.3010648939617
2005.440783453218
911.9304458209965
1477.0780696436118
2119.7978013115244
1428.0888569579638
1588.0164979307278
4466.0111814138045
4268.474366965268
1106.881595664182
4502.8476201004005
4115.511490577669
1558.9136969860235
1197.399245083089
1860.5216217032262
1007.284698511862
1279.0740996756779
2416.4697578324412
1547.5693235569659
5418.692911684816
5038.110234323704
2520.152641422707
1300.0780436877658
3135.1955125432137
1082.143453214212
815.5275216040937
1786.2062173363877
1804.0774595332784
863.8752497440878
2180.773081386806
1317.0235591163737
659.22703567131
1840.9800766300486
1923.6370777232335
833.541287140749
1576.6611746758726
1667.1038950080037
806.9735892041684
887.8834908117618
1457.1960129796587
979.3605161365817
2297.7556674182792
1933.4213609908302
675.7362022011976
4016.396640877346
1910.8798894572567
1507.189953797593
3162.0250379561003
858.7396238636517
797.8121019737378
3392.903317646733
1534.6636926316835
2972.6356176135673
1720.2516632565844
938.3253950737868
3273.420991261993
774.9738343361952
6210.245762096711
3787.1344172458735
2642.208007585444
1821.679829071466
760.5745926518719
1009.9772451512956
3990.007643122472
4346.678934237261
1648.4833642050985
646.8937940140967
928.4080422246014
1932.9349386167385
1312.3104321090375
1232.9014152790533
3837.4430888634215
1043.937569582327
1829.7884881961209
2639.115541718592
1003.2927081866611
1389.9588099205268
3703.433520803123
5069.5717800309285
1292.6384171776065
