139.78509926374466
8323.962620408072
760.0085858098839
2066.7085679980246
1261.24627219037
721.9680386362517
1097.940067677846
5217.474256831322
1516.2800389863849
1153.520031830305
3933.262232738769
2840.4182029272465
811.434319273099
1406.0855108942799
1048.3867185908978
2622.9335163555
1390.3638984167746
1527.8852488861173
5155.747944329059
5692.564085359039
2172.3592441525047
2016.402705167138
917.170472338732
1470.3526554933576
2122.6258858752512
1431.6195211080665
1583.3066385154852
4463.792982576983
4288.752141779115
1094.6636006523609
4485.024069261737
4093.96533119064
1554.0819562094994
1191.6106119856333
1865.651127266529
1007.1215180366514
1269.9588214621342
2400.032787352469
1544.5227751648058
5322.162639331514
5042.843844444437
2522.495315580702
1302.467414560505
3105.8643276582507
1078.1823546250728
798.3788277322818
1783.3907347202387
1809.239592355907
855.2761115034274
2183.8320334011746
1321.4912375072545
661.4570415102745
1841.1400274307598
1933.2401186465481
823.9279571551359
1579.873960329342
1646.6507537064003
790.6925578128627
894.7636804025431
1435.5525404473474
974.0952242269044
2276.261591073667
1934.4865289027753
677.3894217039507
4002.2921400837936
1924.2307603454294
1487.4069565003267
3105.9811776149204
860.8371773777611
799.5778889187281
3377.2528770886524
1538.771836338071
2988.875427561194
1722.1547030399254
935.5071404980212
3275.4432926934014
745.7450680942895
6187.321425029952
3769.443467641614
2607.3448546588447
1800.8476238046635
757.2482018552777
1008.2674628331146
3978.0894701443167
4357.6408522771635
1647.0728908465621
643.942125121129
934.9753176549424
1935.4362401504802
1332.6588582605193
1230.8989383715639
3836.0296050042157
1044.8474252612762
1831.8552415821866
2634.377070372611
989.4790928694015
1376.0214435430055
3691.0249980624244
5056.867412204307
1285.5972040519757
