628.1734482087268
2126.771279169296
1136.1676594485887
907.1847862583984
1594.3428499295308
1717.7759576070725
1431.780178410935
1057.7112946983286
2511.2231986918
2280.0805463740207
2102.099050886298
5864.111679652445
5546.304595528175
946.0143720075783
5372.093303381926
1739.6476196256856
1812.3418849260772
1729.9075562859966
5074.145482634821
2001.0587355084688
910.3216380949735
1726.3974735732168
1545.814436596365
786.0492043288583
2184.2458600130203
2621.23866218355
2051.4891526867464
941.0101562630401
1562.6671667662229
1056.685535887406
929.0835942038457
1087.804471874354
632.2105894963064
1022.7572101716178
1386.1674568489402
975.343921776562
1666.0432079976176
1482.3205934234134
2081.8534976199976
871.7057114073858
2264.3194808924745
1958.3062065913464
971.3870090099647
5669.666154236043
1276.6198502057696
3774.121423611278
880.8669224298573
2456.9685306448478
4992.762155671158
1807.003144088501
792.8423678835032
1901.9764382162937
3763.957305961809
1489.5576963925532
1582.6943004822735
1799.9773070571073
1316.8469454037438
947.1997702489235
2662.7109302732865
1320.8618999926368
5996.806419804819
737.7340609045772
1036.1910543144186
993.6584229713678
781.335294857673
2108.867474966527
4687.510979613059
836.3481690176749
3495.142043286719
1391.8265921894383
1016.2619445780331
836.2704025787119
1871.2255764869562
2406.8030525557137
2653.9349585619934
189.94264830626926
3569.5984948321075
1414.877299008751
1487.2555171310032
863.0873891716432
2349.351056312012
3051.7783015837763
1083.9865833404483
2617.9466961526355
1340.6981770592122
1664.6493087021843
589.463641836783
1198.6050301877492
732.8483983065611
3224.528015179256
2317.9688499148283
2651.4583691271523
1292.6618272765616
1679.7593536476902
3018.686010461568
1129.7171487726757
2420.7320567831057
1727.7777260741116
2027.6702827808074
2663.1292156206814
