628.1734482087268
2126.771279169296
1136.1676594485887
907.1847862583984
1594.3428499295308
1717.7759576070725
1431.780178410935
1057.7112946983286
2511.2231986918
2280.0805463740207
2102.099050886298
5864.111679652445
5546.304595528175
946.0143720075783
5372.093303381926
1739.6476196256856
1812.3418849260772
1729.9075562859966
5074.145482634821
2001.0587355084688
910.3216380949735
1726.3974735732168
1545.814436596365
786.0492043288583
2184.2458600130203
2621.23866218355
2051.4891526867464
941.0101562630401
1562.6671667662229
1056.685535887406
929.0835942038457
1087.804471874354
632.2105894963064
1022.7572101716178
1386.1674568489402
975.343921776562
1666.0432079976176
1482.3205934234134
2081.8534976199976
871.7057114073858
2264.3194808924745
1958.3062065913464
971.3870090099647
5669.666154236043
1276.6198502057696
3774.121423611278
880.8669224298573
2456.9685306448478
4992.762155671158
1807.003144088501
792.8423678835032
1901.9764382162937
3763.957305961809
1489.5576963925532
1582.6943004822735
1799.9773070571073
1316.8469454037438
947.1997702489235
2662.7109302732865
1320.8618999926368
5996.806419804819
737.7340609045772
1036.1910543144186
993.6584229713678
781.335294857673
2108.867474966527
4687.510979613059
836.3481690176749
3495.142043286719
1391.8265921894383
1016.2619445780331
836.2704025787119
1871.2255764869562
2406.8030525557137
2653.9349585619934
189.94264830626926
3569.5984948321075
1414.877299008751
1487.2555171310032
863.0873891716432
2349.351056312012
3051.7783015837763
1083.9865833404483
2617.9466961526355
1340.6981770592122
1664.6493087021843
589.463641836783
1198.6050301877492
732.8483983065611
3224.528015179256
2317.9688499148283
2651.4583691271523
1292.6618272765616
1679.7593536476902
3018.686010461568
1129.7171487726757
2420.7320567831057
1727.7777260741116
2027.6702827808074
2663.1292156206814
712.1487913359466
3870.9311012239136
3025.58826695567
2826.6586925327483
1033.1665339138772
1151.4744218098915
1918.6770088613289
1409.3395431317292
2174.8819363861717
862.5943244007839
4491.807466467046
1265.538371212831
1346.3555305082755
5515.108141443319
956.0721391508322
3168.078199596908
3053.046545879791
1016.190837632509
3640.1048176074387
695.9699916550566
1188.3587497823498
1548.0581942978579
1809.1536139007217
1116.1927723658066
2184.640418888047
3176.525613929174
3237.6811675947956
2652.743174504685
3296.6277119085785
2205.05302598215
3006.6932844777807
3391.204772444274
1166.2261552695848
1306.1449719968884
1443.7185190335883
614.3995165379343
1067.135051039668
1479.8485194579323
619.5087383249066
1642.6244158655893
3952.838860687241
3962.9582540851766
3178.1730764031045
5491.948994587428
807.4022086660366
1012.5788335121704
2958.482847298432
977.6196064102401
1710.2945417764458
1028.8048829908837
5136.125683087296
946.9823065492833
1982.0981595977532
2544.6370859392755
3894.021126426592
765.6329786674885
1135.5546204828358
1155.5328950116532
3979.2728164693754
2511.540002584058
1465.2171191199486
954.6263618702942
922.6447114215958
1915.7307615648112
1640.6406940193312
1279.8102375010944
881.9594649166222
1533.153125902028
841.8488926410544
2186.498762519665
2356.287562714124
1459.0893315876872
1436.1898587863259
974.0786657026985
884.2097841232111
609.5758427560352
2827.113101656728
843.6459589163062
665.1644373973045
4112.417590361248
4520.100992052586
2143.3420774896895
1872.1940170227892
1819.6681765863807
1320.1994874947086
3910.1172986140186
1257.5955224798658
694.7136787742771
1409.761212421432
3228.974304189559
1245.235109406765
888.474170677142
863.9147689796444
2921.37356047998
990.8091790262846
3009.443586949862
1714.9758616645256
922.0926032955086
1482.2689838999634
958.7198718531325
574.8763022157284
898.7884137206004
1107.9205273681732
1324.007326289132
1328.9777551100872
859.2911309101733
1124.3190990578382
935.6390483553032
1586.0102876123103
5255.699425151414
1869.7399456410574
2197.0270419185886
3543.5878269634786
4339.492643058618
1902.1091627253772
3801.1879131948654
3759.876376823843
1514.5154531647147
3474.0774651815814
1308.6975985369106
5641.498824831412
1753.2204877617326
1097.65523936713
2258.1202235147525
1938.4449321669451
817.6391375842036
544.3524816697039
5120.035375004368
1914.9706866486756
1250.024771663258
898.2088454037977
1468.0475549429896
1411.8759198528562
994.6534043732081
985.7834352665938
1755.5881786899768
758.955603871233
862.4506203632443
785.9899204414671
1123.6379060777363
2258.589020368271
1536.2447217111874
1337.456426699703
1445.6993534340836
1294.5659628447534
1337.549824402739
1250.5548573500027
1129.2149471559746
6309.9702785445725
2173.9133447553654
1311.5883770598973
1630.1299073346681
2691.074958307572
1145.5156226570987
3914.2846764966907
2639.192220157244
2543.636046733819
2863.766389839857
2238.1820333855185
1006.4062468317317
1883.9361780591928
2815.309674713666
1192.7727554165704
997.7531298503422
2707.1539417379354
1246.464276001461
4464.097117223416
3514.9626275270275
741.9040569094437
2147.154411990743
5319.285144142797
883.5349482492569
1922.9906039431035
2350.102452472393
974.9878491915655
289.2241253688506
1480.59386994742
1225.805360664841
2078.942764560524
2250.6158697779797
944.0965985162636
5767.318711619585
1414.2400198131338
999.1421425836936
2291.236377037365
892.1595375077494
778.8058163033213
914.2922073309184
1653.2130229098395
3306.4139639204673
1113.7987414644099
2652.6946282566046
3008.770649158325
1435.5816294298133
863.4124319689123
1245.1943893732869
1029.992132701922
2734.390445431353
4406.570301656748
6029.666513954692
1691.5706091144314
2589.515580040636
940.902005235611
1692.1702674141106
933.5673780253551
3997.772245169287
866.3032798864747
1177.5896916539805
905.423943453695
5300.97086013385
3671.8879246629967
2226.7337459851647
1365.5239964102884
1760.3249746576416
1591.8119385846478
796.2892228929172
3080.5774632667753
933.7763524090843
4737.769912931604
2481.356965962792
1757.5375237374299
2895.394653540721
3651.088439773074
1208.4888802460093
1934.6174260176936
3802.584927630444
844.8024411645753
1228.6982323879045
1257.8799724052465
4947.515893333809
1350.9531209682978
4162.726935459786
980.7670718207814
4771.134231387453
4239.43760288878
1126.87194572646
966.8422961707445
1000.8883982381535
4178.522750131249
790.9798697472339
4135.284091254692
1508.3706191746364
6023.801933298809
1994.2602899053713
1659.5598233554704
1061.6222155197154
2099.5750802686134
1287.342191945533
1220.914741325763
1557.9437581287016
1230.939404588662
3830.4011821750482
1251.0276482077982
3752.617202843202
773.8219228245543
1192.2885519094868
1575.9604718915598
1021.5936348379435
869.7260868145381
3535.714923130907
913.1862969131959
966.2202471818571
911.3554631865215
3421.897549784263
1886.9604144497807
5919.064199786951
911.8109385467554
877.1950441578064
1835.0444799798156
2608.34785099841
2655.817739158361
633.233971510989
4085.0167920876884
953.4827390632232
2813.024410040863
250.58033980461042
3012.804781423557
1412.5830415825574
1076.40435525372
1689.2301863768946
4497.251131180949
3050.694946965739
3346.6687391866276
940.7064774593649
1492.5336719786435
667.0559218923278
1247.5761241817636
605.9793355808014
916.3383645590553
836.6711981250602
1622.8468498008367
1063.5685190530714
3120.1606567240437
5164.354703247476
1727.3778322935632
1443.8956376268914
2896.5412041498894
1148.7605770486489
897.6356134517465
2292.8673082180544
2457.799975962405
4945.291049814927
5692.216201078835
996.3142139785405
2519.044817394133
1306.3690138554387
5332.465874207212
5082.219015096949
3818.594235915437
1908.3373047643856
2518.9241487119057
4607.685245364304
806.8329419793029
1181.097194916989
1177.913106751405
5009.045918101422
977.856097806987
1726.856890751452
1601.8639091244524
2450.293714692168
972.1527072728771
2739.320388712352
2096.8010932428383
1879.884393679523
768.112440915321
1702.862956497095
670.3729153279792
2177.039959769603
995.4943777925687
1379.652031369327
3611.5532789005965
892.0961446077964
617.5931222936357
1008.1548583178912
1241.1691818528143
4036.452662201001
1243.4344931791602
3603.919427039527
694.8385368535393
1116.1275938189697
1937.727895527765
1729.1822300004296
3044.097078899415
5691.584729441433
803.5297862456856
972.0007261694585
966.6535627552377
770.6460857210524
1716.878203626592
1059.4913633390836
1082.8433817473276
1576.3696139872325
6188.773169210032
4830.461101477718
2106.817399643644
1994.5268897996393
1283.7063732217798
4231.986967724488
1209.2814306756652
2949.877360953135
3813.378012384975
3373.5239890217113
2807.52527042722
1229.033505720249
1618.469321547126
1631.6838619614407
2235.9988001890247
1549.6688644870906
577.7884633344311
834.222269892839
3464.646805340002
1860.8158489635348
786.8987154659627
3373.5585024909115
1294.9165460927304
138.66800874048437
1513.5459606475595
2335.1715539661336
923.401778703841
1846.1414771792909
667.0825341852178
1618.0353451188016
917.7008052455043
733.202211825837
826.6018171494615
1491.1949733891172
781.9211001294532
3381.755224263041
1661.336732916144
3328.752020926792
3985.531753107977
1007.9099319138875
903.1129648419729
4763.953950653176
1142.8397124256105
1260.8926070285374
3560.4911753171814
1743.958516834729
4390.003287703323
5403.400968409239
1215.0717175415816
2202.3233221941837
1810.0961614851801
1449.081471121274
1572.397615654018
1307.7495475815788
3336.0546193388923
2388.5146544337044
833.7780865441761
931.3631365436426
4481.52140732648
994.4061884879222
2017.2189952531785
932.0709490766066
5054.723091625236
3166.8838035632557
775.1469372341991
2842.6900974090345
1374.089644852846
1974.3480314857932
1014.7571572856017
913.4598972132318
887.8999157791125
3054.6730451318836
1457.56208690922
1161.6506464227161
1404.5324248841314
767.0245010064186
2756.735987419813
1815.827558765432
891.4455460753347
895.0031236991501
2839.587592158734
814.3088048994631
1948.2431709126988
616.4889335123564
974.0328653932096
601.3926110163935
1018.4390673123894
1118.0833456462801
914.9950908628168
2819.0400779981596
2818.1627097173714
1203.4995416900272
2296.7006463016214
851.5240836071903
1223.0264945826284
985.1944112719842
1538.3399410641443
3197.296693342209
773.5466097844647
1111.3287414424024
4804.326055570699
1308.6105450105708
791.5780568873937
3260.411913837412
1393.4005170886105
1328.890478156122
1085.857960802538
1297.270024234817
3843.5823337326747
3389.9470032773525
4187.7519131467025
1434.477834148369
1127.5674552768662
4539.828321081116
865.6353688967906
2359.9944786444657
1056.6804944596227
1198.7452656604103
1501.505737730884
3501.929133945668
779.9605491542037
4156.808071059679
1478.9196029341547
524.8478195443029
4235.9930838517985
957.2996495323425
4048.0756088232542
1684.2196027891862
742.2242731143014
1080.372869037441
1882.4908557637712
1476.7789840223152
898.9416184475973
2607.7876522243027
4802.1475236128845
1091.727945130516
665.5826817193599
1747.8207189285454
1223.051422807972
902.7200181294265
6122.949927637407
838.3867009971552
1407.2690601432819
1785.6727092199199
5606.740100371642
1726.8988729837217
1407.5720246849871
1184.032062230797
2453.092089685165
1750.3187134560485
2151.2350826343586
5512.355714387867
4024.102974962591
4687.592001313863
1126.6239648048388
1007.101402963236
2529.100290650018
1275.7906660790154
894.2847763051598
5928.529493754819
2029.8013663898391
1208.4092735521922
1615.4765304130185
1344.9255076639213
1313.4779402523095
1515.8948579074472
2605.7908852920277
3725.4063027451043
1525.7920451881505
2076.8100753030226
5638.5047441088345
2065.0373719506333
3933.630403477585
1650.9648366837182
762.6252272811661
1234.4132113573546
1130.2418355480286
2214.357132300372
1339.1990162270663
871.1167173079051
447.5929453028928
3073.001269825619
3411.157988572596
3188.5317610271686
3659.1350923028363
1377.8200670271337
1009.6739577290057
1430.1250602108519
5390.07810849036
6206.251448037467
6127.067420645199
4326.921253525668
2309.839079420823
3921.343692874622
1075.2704561715768
2972.0642222046217
1534.6995744351439
2184.5617522185994
2198.719390331155
3233.6832255588606
896.4347855997801
765.022041736446
1079.0301703437324
862.3557869822044
796.3213718208957
2018.4154519323602
1375.6376412423078
1053.122691556014
3105.549862975207
1063.6746879600657
849.0488171988652
4166.041350694931
1067.4855634482924
1254.0415650767973
990.860303798588
1345.75004034987
1089.8842605812074
957.3932247747654
1148.6013883904723
2987.9376840037553
2729.530324706018
2728.597144396728
3453.389312818495
146.02397080915324
3565.812006117386
681.4041655263893
1698.559559627306
5279.682274771544
2868.5183981290993
962.9577414386061
2168.6628584326445
2519.796770452239
884.1331175744875
1264.259522735781
848.3140929209839
1037.4676565856448
709.3040109838643
3366.630863793201
3370.9422674104817
5755.679435932839
907.1284116482858
1155.741984509621
2182.569040269315
2576.890276382177
2253.3659514745195
1299.7879584753189
1827.3001359310417
956.7603906666246
1041.3904413367345
3207.4964731566574
1088.8024346511024
1335.5462142908214
2064.3849838126657
1015.2385086764385
1111.8119554998545
895.2315381342044
1555.680771554008
809.2420962425333
2159.0162709488905
2192.630257447941
1193.8389653332422
1777.1454432153482
1355.946911409607
1180.9053170365848
1314.8491298329684
5533.549077396446
1764.9245662545795
4737.214996551642
1993.0279839743
1344.9582242419538
959.4055335500636
2334.7841533656415
1271.4913981386283
1317.9272077118305
465.25060888108203
1365.13606419621
1190.1063401054257
1322.453803046422
2886.932850646805
1627.056681648965
550.908419535896
1121.8340823369088
3421.544720828403
4035.787062350732
1671.9279408375207
1282.0883498490703
1791.3188220629381
2712.9000147912484
2280.02671453228
1161.3492637225434
3791.330996513129
814.9621417511427
1947.9989100135367
4363.653744763203
3632.3216611588855
758.951159541176
1072.231486117376
721.7664314262892
1052.5133070630816
2532.07670661442
3156.572878410257
1153.2420351388437
759.345971227323
3443.4251117568338
1174.216864923194
4138.475552878487
2659.731107869797
2210.312455165964
1116.537915963829
945.7178157459344
835.6103065786555
2775.0799169641878
1786.2005980794797
859.631163248579
3055.947848053471
2378.7125731982273
965.9102826526765
1061.5356252755578
1382.1464812058346
4755.770169306724
1189.5043137582668
5177.328313558168
884.3310858377054
135.55350382191673
4053.0463270900277
935.772504216441
846.2368818120194
1671.1574445479157
764.5403719070446
1812.0091903132716
4010.0100516011125
754.9086523053053
4071.677166987826
794.7820111054825
3770.5562403727363
607.4954134139648
4531.294891714578
840.1919262932066
2732.616792619414
4793.946746706542
1885.8546972147085
943.6681972917902
2158.4518419377123
4489.500222374694
2016.6206568838081
799.6870091917203
3499.8176865784963
1239.9118859722496
3909.5642375357666
4986.770504122999
2145.6233664416523
2381.7945919065587
3840.185889845538
3138.8997032283405
1637.900118989307
861.3201033816906
1035.0389642037292
2232.210024922981
1108.305681753163
1885.0249097274018
2393.5828761761186
1003.1893277405779
4983.67797258048
3832.882858041464
1503.836947742949
1518.3083835919463
2545.9711666858097
3052.870454575245
3494.531867569055
1510.1057938796716
5688.6434082427795
841.4126630890053
794.7012552888957
752.2278772970449
546.2236645539125
755.7997850419492
2219.4118438214246
1589.085441594805
1258.4898660947074
5374.46944171071
981.8951786219609
1136.278805294504
1743.5015358124472
4025.1331040282525
1959.8440092321805
2311.0741617189983
625.2009210515184
2700.717777107342
2713.552798445238
2892.365747547759
1093.3291579769323
3598.98066549635
809.4717180512843
861.5753234545787
5537.879059531401
1279.7177431307332
4981.149862686904
895.0437705994142
1059.3817818410341
3218.3319847771463
1093.4188591518587
1124.8166405805193
5084.137270726213
871.3635258811672
829.7345502539415
1765.383778283621
1641.0240314053715
1315.3580361446138
1279.752868970628
924.5851583452667
3358.712078086387
5488.6786991005965
1619.000133927298
1606.696191150572
4699.568649558383
948.9138395336985
1244.7516321161722
1871.9974514780229
1157.5871363955016
759.3361512543001
3764.3015838896026
2404.9554264546177
1870.3466841689003
153.47508600438118
2199.475838888109
1659.807235015006
986.1339573607437
5326.884837151567
653.496298877216
1093.8526635517476
1864.0379168300972
2204.0308167192215
1936.515115254978
908.2045270658776
842.4763410448553
2171.9430888219013
1624.8818527062078
1055.9404736398933
3262.005793405274
2668.5779739241857
1405.0501323909589
756.2656584855067
1137.1545709831341
2555.3479882612187
1745.7670610988612
1305.611991536314
3478.596195546328
1258.5873420489463
1693.4389677668642
1356.843062792357
1644.7957091054818
3405.9578891718597
740.7687473038881
1970.4234104674274
4127.926252949826
1280.6499056766295
746.1263743274485
1910.5560495643576
886.8033590146406
3789.5474601341334
831.0863355485926
1547.9395655226763
962.1696461403969
2557.040094920222
707.0868821832198
1716.4386780223151
1668.8156792118284
640.187693875944
1480.956314185765
854.036180527959
1819.6472137318303
4063.746467513158
2185.267892465135
1541.7648052210957
472.38404521290954
1235.5380993672438
1251.6794585573618
1337.6136632167115
2530.2229856618405
1844.8162977575887
548.2736412128652
2516.682304418252
1959.422705317278
1489.756930453044
3454.69054370884
755.2186598166677
1001.5387631021299
2264.2137932615724
3337.4152929480065
1490.5961996330236
931.6628843217239
1139.3039234911366
992.0031960747875
1508.6710236116603
2965.3996953054498
2068.6301373379556
3253.1287988134054
724.8899084349275
2238.4866967681273
1141.4818177023221
1982.0176408616016
2480.468031634093
934.1892509754073
1268.3094283482044
707.1408904269482
934.444563306064
2239.3653665579113
2942.5686556963537
4615.510544569725
1050.3760184500768
1951.7068615532212
873.1968862922872
2703.15200534492
1409.5755826953819
4689.954530837544
1364.4639850991114
1840.0641936582067
1177.8200201075226
2375.9569740959837
1292.9585437566009
1136.86529526482
2398.2103731896427
1956.9302084586157
180.72076102814594
1488.8347740349136
1392.671981635748
681.965956695193
1637.891667394674
3538.9692676475634
2115.31856059518
939.4223890860463
806.501576638526
3411.846859250884
1815.6566626245872
837.6348888587829
1840.2296517638686
647.9278506654821
1502.2743364677287
2314.902104215516
1134.4701114025722
1863.2291155784217
2982.0675639981205
1097.2578984025315
5726.611806872175
825.7892829164424
3359.989493783243
2376.6874938310198
1174.7638591354175
