120.0
42330.0
12950.0
252.0
74512.0
2292.0
60612.0
72790.0
852.0
7804.0
37236.0
36516.0
268.0
72990.0
660.0
129756.0
2658.0
8196.0
74240.0
9192.0
128172.0
49242.0
30044.0
221460.0
314500.0
5992.0
40008.0
1998.0
7950.0
10920.0
588.0
22780.0
508.0
6990.0
14128.0
1276.0
18408.0
23210.0
960.0
29682.0
5454.0
85560.0
4860.0
47700.0
269264.0
86688.0
296.0
1760.0
196660.0
172.0
162180.0
185652.0
37968.0
732.0
44.0
2656.0
83568.0
7490.0
5376.0
19944.0
39276.0
18640.0
28812.0
210.0
622.0
91152.0
2010.0
10608.0
20736.0
252.0
532.0
92050.0
46928.0
51360.0
89992.0
19368.0
74260.0
22036.0
3060.0
2394.0
271136.0
72784.0
74016.0
326.0
690.0
1952.0
1888.0
218570.0
6352.0
77328.0
80.0
54950.0
31642.0
360.0
1360.0
24060.0
21116.0
92718.0
158496.0
233996.0
