725986
866129
679619
959284
981816
915549
773350
947259
951546
666357
640256
968051
668701
881693
964054
887146
858421
916747
993450
839764
917045
939840
973338
915659
991679
790464
959207
869578
713700
825033
652796
822981
871814
875288
956080
946198
899622
979845
972629
674675
899196
968952
880315
948333
975598
902711
956574
973165
688754
760813
920085
973216
892898
779978
798459
890541
977158
932575
877778
821966
555111
971703
963357
809347
969291
953862
945316
865976
866849
734450
768306
984400
867239
916982
981703
708940
966224
990758
711412
849805
912720
979331
975645
910893
812151
926673
973413
894790
949009
878366
854552
989673
936808
937012
924022
961580
898161
772925
891089
765568
924910
878745
930465
929045
985789
696314
772849
941524
955528
883710
875763
988755
979184
682699
850706
917082
776895
967269
980441
763688
834857
858534
711597
864735
958100
895202
970230
693567
975535
849846
849317
973724
970957
860995
822156
663551
940935
956571
950260
919481
574365
976511
888469
894741
873169
688320
955859
850228
965174
888186
916751
785678
843144
836350
818634
862079
969895
966511
867527
861647
873273
984897
906468
879826
787823
740338
973141
917432
963632
797719
946117
976827
967933
947257
980145
711842
966916
889996
733304
931681
758036
963943
698920
899038
874102
869568
981477
868253
917717
829766
655504
757319
972599
713740
954558
414497
945964
731079
776010
906309
