795867
866129
694831
962836
987851
913518
782899
943776
980085
684854
640256
988951
668701
947544
968659
917584
858643
927203
991783
875944
907280
950248
971275
916352
992293
837942
970350
869580
713700
824064
652796
824907
871785
889966
957522
970309
901292
982544
972190
679326
897063
968924
887741
947299
975545
910388
977960
978046
688754
760813
959706
995568
892858
779978
802610
904916
976046
951349
884968
830966
555111
982192
962038
824740
991437
953498
979939
871936
883875
748485
778155
988303
895459
916753
990355
710878
965392
985885
726137
893138
960280
978890
982130
910087
818507
927260
988874
895108
969793
878045
918850
993933
942568
951067
950075
961235
898858
779734
926455
765568
