204.0
2695.0
4459.0
1606.0
2197.0
1657.0
1631.0
1079.0
6357.0
957.0
1977.0
242.0
1410.0
1168.0
8940.0
5189.0
1962.0
132.0
3524.0
1070.0
505.0
1384.0
424.0
3503.0
5108.0
1111.0
202.0
398.0
9545.0
2087.0
710.0
956.0
1291.0
5922.0
1498.0
214.0
1042.0
121.0
6652.0
1083.0
2242.0
256.0
5049.0
641.0
3016.0
6173.0
2446.0
604.0
5014.0
1366.0
690.0
4151.0
378.0
658.0
72.0
1924.0
3472.0
3741.0
1267.0
3299.0
9582.0
458.0
554.0
4058.0
1678.0
790.0
2982.0
744.0
935.0
626.0
7246.0
2147.0
848.0
4265.0
3425.0
1634.0
1013.0
460.0
988.0
2231.0
224.0
1744.0
5574.0
3947.0
637.0
371.0
215.0
623.0
826.0
2761.0
844.0
2561.0
6137.0
5766.0
300.0
386.0
2409.0
536.0
856.0
3446.0
