334.0
3220.0
2770.0
728.0
881.0
1951.0
836.0
4034.0
5164.0
670.0
1122.0
6104.0
3326.0
10356.0
355.0
4558.0
727.0
4435.0
820.0
779.0
1340.0
3998.0
2781.0
342.0
406.0
1841.0
814.0
620.0
2145.0
3670.0
321.0
3081.0
8399.0
208.0
3152.0
1472.0
5619.0
973.0
1490.0
2950.0
355.0
1112.0
482.0
4132.0
1384.0
4403.0
2918.0
2994.0
1067.0
2568.0
2382.0
1350.0
5700.0
234.0
762.0
1582.0
5514.0
3207.0
3533.0
1356.0
2357.0
2646.0
724.0
839.0
4906.0
3292.0
6937.0
3448.0
250.0
2739.0
1366.0
3535.0
5504.0
2110.0
1490.0
1023.0
252.0
1925.0
1977.0
4118.0
8136.0
1340.0
169.0
2833.0
409.0
2368.0
729.0
5616.0
807.0
693.0
784.0
3263.0
225.0
518.0
2437.0
1390.0
2344.0
5038.0
228.0
886.0
1760.0
3314.0
730.0
556.0
593.0
3470.0
8351.0
921.0
1928.0
2160.0
1331.0
1092.0
2437.0
1832.0
4221.0
707.0
2563.0
2672.0
3133.0
856.0
1611.0
1783.0
1692.0
8670.0
635.0
1466.0
2194.0
5456.0
4717.0
1454.0
1409.0
1313.0
1279.0
3159.0
1428.0
8405.0
1335.0
243.0
167.0
1914.0
2800.0
2235.0
3436.0
2439.0
2338.0
3017.0
1582.0
5208.0
747.0
1198.0
8171.0
2685.0
4628.0
2232.0
2448.0
6417.0
5170.0
812.0
5316.0
3284.0
308.0
1745.0
135.0
4239.0
1916.0
922.0
1694.0
226.0
546.0
1713.0
2986.0
473.0
1376.0
1881.0
3532.0
3057.0
3657.0
712.0
7932.0
145.0
2489.0
1656.0
613.0
3733.0
40.0
2709.0
2444.0
485.0
1543.0
939.0
3291.0
3523.0
1635.0
2830.0
5532.0
1417.0
157.0
2801.0
691.0
6817.0
4140.0
1257.0
4438.0
1121.0
2114.0
5250.0
1661.0
1476.0
1407.0
3831.0
2636.0
868.0
1687.0
1595.0
1623.0
1903.0
1739.0
253.0
382.0
3844.0
112.0
6092.0
312.0
6318.0
1588.0
2409.0
6540.0
5178.0
1373.0
2480.0
1475.0
756.0
2442.0
1107.0
2850.0
844.0
1183.0
588.0
1964.0
4660.0
211.0
963.0
1140.0
1712.0
8343.0
1085.0
3861.0
2010.0
1876.0
1403.0
3796.0
129.0
754.0
4222.0
1813.0
1275.0
3982.0
688.0
944.0
154.0
3618.0
3497.0
1971.0
2114.0
161.0
954.0
189.0
2404.0
5184.0
3969.0
2971.0
4209.0
510.0
2365.0
381.0
2018.0
3478.0
6853.0
541.0
651.0
5459.0
438.0
3539.0
658.0
1101.0
949.0
2673.0
4270.0
4108.0
4462.0
540.0
681.0
721.0
269.0
204.0
1597.0
1215.0
2043.0
1279.0
391.0
9805.0
3256.0
1214.0
180.0
3826.0
92.0
568.0
510.0
2454.0
3573.0
7614.0
1741.0
4218.0
761.0
3232.0
1691.0
5766.0
488.0
1396.0
1192.0
1492.0
6709.0
2134.0
1307.0
662.0
3493.0
3700.0
1165.0
1918.0
1972.0
1487.0
1239.0
1111.0
865.0
579.0
1887.0
5338.0
4811.0
815.0
4806.0
3171.0
3203.0
3713.0
684.0
1554.0
2607.0
4980.0
1460.0
301.0
357.0
103.0
3355.0
1112.0
105.0
244.0
2633.0
213.0
3908.0
6497.0
7740.0
228.0
4084.0
897.0
934.0
370.0
1782.0
1418.0
4322.0
1426.0
9501.0
191.0
1909.0
6395.0
2765.0
4082.0
255.0
306.0
3554.0
999.0
1660.0
6026.0
1490.0
1412.0
1576.0
4108.0
443.0
809.0
287.0
441.0
1220.0
313.0
523.0
3454.0
609.0
2037.0
3655.0
548.0
3592.0
1845.0
2628.0
7986.0
998.0
711.0
2764.0
5848.0
4521.0
7519.0
4201.0
134.0
955.0
4803.0
2205.0
2572.0
3993.0
2640.0
2830.0
438.0
545.0
708.0
735.0
2893.0
3541.0
2390.0
5743.0
3982.0
2133.0
932.0
3759.0
374.0
4463.0
6586.0
1572.0
562.0
2155.0
848.0
2679.0
753.0
1987.0
3162.0
3100.0
935.0
8376.0
2849.0
3973.0
2167.0
5136.0
5335.0
1538.0
2608.0
2051.0
373.0
723.0
2191.0
2305.0
1823.0
2145.0
730.0
638.0
1389.0
2851.0
152.0
5951.0
495.0
8728.0
1384.0
4613.0
3822.0
1440.0
885.0
6282.0
7233.0
5326.0
144.0
2510.0
34.0
4255.0
868.0
88.0
1748.0
1395.0
1523.0
3356.0
2502.0
2401.0
1803.0
5001.0
4188.0
3939.0
98.0
379.0
1356.0
1078.0
115.0
4193.0
1315.0
3088.0
732.0
1665.0
1125.0
2353.0
4348.0
5500.0
1906.0
1973.0
1632.0
4114.0
870.0
1212.0
2361.0
5286.0
7208.0
530.0
5012.0
29.0
361.0
4512.0
1595.0
1596.0
2526.0
6741.0
363.0
65.0
1613.0
3151.0
178.0
170.0
1646.0
289.0
546.0
820.0
3110.0
2789.0
436.0
1873.0
778.0
1572.0
8983.0
374.0
644.0
1713.0
1166.0
921.0
4806.0
496.0
903.0
482.0
1013.0
1582.0
847.0
1867.0
237.0
1491.0
1636.0
1907.0
971.0
2963.0
677.0
4077.0
186.0
1293.0
842.0
2009.0
1960.0
1407.0
2111.0
933.0
1546.0
463.0
2007.0
212.0
106.0
1819.0
9699.0
3712.0
1926.0
283.0
6611.0
302.0
5629.0
2148.0
489.0
1006.0
847.0
796.0
785.0
434.0
2675.0
1231.0
3409.0
9662.0
380.0
2554.0
5330.0
1357.0
1125.0
711.0
2748.0
2112.0
3140.0
1660.0
2113.0
4078.0
928.0
8675.0
4576.0
6577.0
382.0
1281.0
1183.0
6524.0
1265.0
6261.0
969.0
1290.0
843.0
787.0
2733.0
134.0
336.0
3516.0
1171.0
2720.0
1751.0
1436.0
2900.0
272.0
4447.0
281.0
673.0
913.0
3970.0
724.0
5128.0
8989.0
2335.0
413.0
237.0
545.0
2964.0
1928.0
4421.0
1462.0
501.0
4953.0
6430.0
693.0
6445.0
5525.0
454.0
1138.0
1863.0
271.0
4987.0
362.0
5737.0
1024.0
5108.0
501.0
180.0
1206.0
5679.0
6035.0
577.0
3552.0
9892.0
873.0
644.0
1077.0
1754.0
666.0
3767.0
2848.0
921.0
4827.0
3163.0
152.0
4126.0
2520.0
2127.0
254.0
941.0
223.0
6359.0
1281.0
2651.0
3543.0
1596.0
2171.0
4910.0
667.0
2965.0
930.0
6008.0
3931.0
1833.0
1502.0
1932.0
375.0
1296.0
2160.0
54.0
756.0
2610.0
751.0
1303.0
1014.0
3270.0
5390.0
1139.0
1423.0
1104.0
2954.0
2452.0
1247.0
955.0
603.0
5375.0
630.0
1264.0
1161.0
2886.0
2607.0
334.0
478.0
233.0
2986.0
9178.0
4000.0
775.0
457.0
717.0
1213.0
1075.0
1177.0
2226.0
6885.0
1092.0
5496.0
1995.0
1358.0
3830.0
3746.0
475.0
345.0
2058.0
3178.0
233.0
1628.0
3088.0
1457.0
1106.0
2337.0
2856.0
1040.0
4962.0
74.0
6744.0
2132.0
592.0
6898.0
2149.0
6279.0
4251.0
177.0
3600.0
103.0
954.0
1492.0
670.0
156.0
368.0
3488.0
4834.0
2249.0
1822.0
4564.0
596.0
4059.0
1219.0
1375.0
638.0
5501.0
403.0
152.0
5779.0
426.0
6883.0
5336.0
6892.0
1120.0
341.0
3769.0
383.0
4430.0
1815.0
607.0
291.0
541.0
1833.0
506.0
2172.0
530.0
805.0
2054.0
1167.0
1152.0
603.0
1939.0
1584.0
1222.0
2496.0
1218.0
3535.0
5166.0
916.0
1911.0
4354.0
3335.0
10628.0
1281.0
1594.0
6744.0
1208.0
511.0
518.0
2130.0
677.0
3043.0
5963.0
469.0
571.0
471.0
1935.0
1050.0
2255.0
5529.0
4862.0
2187.0
674.0
9953.0
7465.0
5128.0
317.0
2042.0
738.0
324.0
3314.0
6240.0
6454.0
4721.0
1614.0
1341.0
70.0
2504.0
1487.0
2017.0
1088.0
1126.0
1638.0
728.0
2369.0
2792.0
1945.0
375.0
3036.0
232.0
6048.0
288.0
2513.0
4985.0
3342.0
1980.0
1541.0
4525.0
1623.0
3433.0
1383.0
500.0
3303.0
2894.0
2771.0
110.0
3507.0
182.0
1162.0
8168.0
2446.0
25.0
993.0
851.0
5044.0
3307.0
188.0
280.0
8140.0
308.0
1584.0
4263.0
6889.0
825.0
465.0
1707.0
2018.0
6436.0
4176.0
2027.0
307.0
3897.0
456.0
395.0
2990.0
930.0
2994.0
512.0
437.0
676.0
100.0
1121.0
1714.0
3914.0
1396.0
3701.0
936.0
2408.0
584.0
602.0
9467.0
1027.0
306.0
1936.0
54.0
4871.0
3398.0
2067.0
132.0
1735.0
2087.0
768.0
1705.0
1470.0
492.0
183.0
1417.0
7506.0
2556.0
5881.0
958.0
257.0
3364.0
712.0
240.0
297.0
192.0
120.0
1184.0
2090.0
417.0
1064.0
4919.0
2102.0
4292.0
5862.0
2796.0
4763.0
4683.0
117.0
164.0
138.0
2634.0
2087.0
1108.0
5761.0
2714.0
2349.0
3099.0
761.0
2599.0
2086.0
933.0
1843.0
2335.0
282.0
412.0
3258.0
280.0
221.0
5548.0
2345.0
1470.0
3125.0
594.0
482.0
992.0
2389.0
1547.0
2442.0
4947.0
1973.0
3265.0
324.0
