1.0
1.0
0.997
0.9944392956441149
1.0
1.0
1.0
1.0
1.0
1.0
1.0
1.0
0.9945916711736074
1.0
1.0
1.0
1.0
1.0
0.9866666666666667
1.0
1.0
0.9979423868312757
1.0
0.9927536231884058
1.0
1.0
1.0
1.0
1.0
1.0
0.9940035273368607
1.0
0.9970443349753695
1.0
1.0
1.0
0.9968253968253968
1.0
1.0
1.0
1.0
1.0
0.993158953722334
1.0
1.0
1.0
0.9901477832512315
1.0
1.0
0.9920454545454546
1.0
1.0
0.9974398361495136
1.0
1.0
1.0
0.9913725490196078
0.9937304075235109
1.0
1.0
1.0
1.0
1.0
1.0
1.0
1.0
1.0
1.0
1.0
1.0
1.0
1.0
1.0
1.0
1.0
1.0
1.0
1.0
1.0
1.0
1.0
0.998109640831758
1.0
1.0
1.0
1.0
1.0
1.0
1.0
1.0
0.9944488501189532
1.0
1.0
1.0
1.0
1.0
1.0
1.0
0.9981532779316713
1.0
1.0
1.0
1.0
1.0
0.9922630560928434
1.0
1.0
1.0
1.0
1.0
1.0
0.9993131868131868
0.996026180458158
1.0
1.0
0.992831541218638
1.0
1.0
1.0
1.0
1.0
1.0
0.9838969404186796
1.0
0.9939138576779026
1.0
1.0
1.0
1.0
1.0
1.0
1.0
1.0
0.9963689179375453
1.0
0.9937888198757764
1.0
1.0
1.0
1.0
1.0
0.9822695035460993
0.9925373134328358
1.0
1.0
1.0
1.0
1.0
1.0
1.0
1.0
1.0
1.0
0.9937254901960785
1.0
1.0
1.0
1.0
1.0
1.0
1.0
1.0
1.0
1.0
1.0
0.9935064935064936
1.0
1.0
1.0
1.0
1.0
1.0
1.0
1.0
1.0
1.0
0.9953964194373401
1.0
1.0
1.0
1.0
1.0
1.0
0.975
1.0
1.0
0.9984917043740573
1.0
1.0
1.0
1.0
1.0
1.0
1.0
1.0
0.9968831168831169
1.0
0.9961240310077519
0.9954954954954955
1.0
