2116.0
1928.0
3847.0
3141.0
1888.0
2056.0
1849.0
4232.0
1004.0
1321.0
6122.0
1534.0
2800.0
1314.0
3361.0
1628.0
4047.0
1194.0
4430.0
2902.0
2328.0
912.0
830.0
4020.0
1618.0
1202.0
544.0
1824.0
2436.0
1204.0
459.0
1440.0
2344.0
3420.0
4305.0
399.0
1386.0
2115.0
859.0
3076.0
5432.0
1446.0
5016.0
1260.0
1723.0
2042.0
2750.0
5486.0
4074.0
755.0
1858.0
1013.0
1127.0
993.0
1629.0
2516.0
1368.0
1494.0
3177.0
1108.0
2881.0
2704.0
1268.0
1104.0
432.0
1484.0
4009.0
3739.0
2987.0
4925.0
1718.0
1103.0
6155.0
2465.0
4194.0
661.0
5178.0
3784.0
1730.0
1917.0
2297.0
1547.0
3049.0
3260.0
1189.0
3774.0
1993.0
1773.0
1996.0
1575.0
2154.0
1232.0
2140.0
1878.0
2221.0
964.0
2377.0
624.0
1205.0
2852.0
5353.0
2660.0
1611.0
1347.0
3536.0
3340.0
4924.0
1417.0
1012.0
4709.0
2326.0
1906.0
1166.0
3077.0
2636.0
3542.0
1536.0
5491.0
1922.0
6143.0
1104.0
977.0
2512.0
2357.0
2514.0
1420.0
914.0
1315.0
3849.0
4674.0
2261.0
1900.0
2206.0
3052.0
3350.0
1543.0
773.0
1609.0
1842.0
2285.0
338.0
1615.0
4675.0
6173.0
1702.0
3396.0
1305.0
4541.0
1385.0
3258.0
1017.0
2271.0
2473.0
1951.0
5053.0
622.0
2508.0
1053.0
2184.0
1600.0
551.0
4531.0
4765.0
3359.0
1520.0
427.0
3532.0
1049.0
4332.0
3171.0
2547.0
1577.0
3264.0
2836.0
2889.0
659.0
738.0
2121.0
3293.0
345.0
1875.0
1180.0
5213.0
3247.0
3528.0
2453.0
2562.0
2038.0
2892.0
3525.0
893.0
4369.0
4008.0
2425.0
5009.0
1223.0
1946.0
1501.0
3571.0
5432.0
1813.0
878.0
1122.0
2137.0
3157.0
2403.0
1690.0
1405.0
2443.0
3172.0
1311.0
1724.0
1459.0
4449.0
743.0
555.0
942.0
2191.0
438.0
3985.0
5389.0
1600.0
4962.0
890.0
3607.0
3521.0
922.0
4475.0
836.0
2841.0
3223.0
3676.0
2748.0
2538.0
420.0
1715.0
2960.0
1267.0
1125.0
1815.0
2278.0
1394.0
5241.0
401.0
2917.0
513.0
977.0
4310.0
2547.0
1800.0
794.0
1487.0
1880.0
2827.0
3868.0
5291.0
3404.0
694.0
3061.0
1919.0
3631.0
1458.0
2777.0
5168.0
967.0
918.0
781.0
5110.0
3327.0
2312.0
2897.0
1520.0
1772.0
431.0
1441.0
1491.0
530.0
1409.0
1514.0
3336.0
893.0
3689.0
1994.0
827.0
2216.0
1830.0
1222.0
2262.0
1351.0
6867.0
1347.0
4381.0
2581.0
1484.0
2694.0
2876.0
4407.0
2815.0
1322.0
1340.0
2860.0
1134.0
828.0
4587.0
811.0
1671.0
2566.0
3875.0
1537.0
1737.0
780.0
1079.0
1224.0
1430.0
1308.0
2859.0
3103.0
2459.0
4226.0
857.0
1374.0
1159.0
1506.0
5863.0
1882.0
1914.0
624.0
3368.0
1842.0
4488.0
1961.0
1293.0
2554.0
3017.0
1729.0
3066.0
3651.0
1506.0
3498.0
1639.0
3324.0
1219.0
1650.0
1328.0
1904.0
1296.0
1478.0
2467.0
1037.0
734.0
3585.0
3331.0
1930.0
2040.0
3220.0
575.0
941.0
716.0
1442.0
4494.0
1002.0
4039.0
1531.0
2327.0
920.0
2517.0
3576.0
3617.0
541.0
1417.0
3342.0
729.0
1326.0
3843.0
2804.0
2297.0
1338.0
3735.0
1038.0
1521.0
1308.0
1496.0
2159.0
4360.0
1101.0
1219.0
1513.0
3906.0
960.0
3502.0
1881.0
709.0
3398.0
2238.0
3591.0
946.0
1197.0
1449.0
2072.0
1435.0
5426.0
4211.0
3155.0
2061.0
1096.0
1287.0
1997.0
427.0
2170.0
900.0
1240.0
3640.0
5689.0
1243.0
3145.0
5977.0
3738.0
2009.0
3445.0
599.0
3954.0
3875.0
418.0
2665.0
1776.0
2387.0
1973.0
3554.0
2905.0
6335.0
1615.0
641.0
1785.0
698.0
4721.0
3702.0
4786.0
4827.0
4612.0
1107.0
3550.0
2826.0
2784.0
3758.0
2510.0
4272.0
4155.0
5026.0
522.0
1079.0
2108.0
5236.0
6122.0
1595.0
3026.0
1698.0
5166.0
1149.0
2748.0
2503.0
914.0
4095.0
2279.0
738.0
2030.0
3093.0
3335.0
3638.0
2669.0
2112.0
3471.0
1725.0
532.0
3460.0
6667.0
3409.0
3858.0
2113.0
1759.0
1807.0
1294.0
2166.0
3848.0
4859.0
2794.0
1204.0
1614.0
3973.0
2743.0
2377.0
1867.0
3463.0
2288.0
3482.0
5314.0
3880.0
1275.0
1427.0
1641.0
2209.0
1203.0
2775.0
685.0
4028.0
996.0
2147.0
2170.0
2913.0
798.0
3140.0
6277.0
1279.0
4533.0
5585.0
2859.0
1548.0
4463.0
3973.0
869.0
2137.0
4848.0
3690.0
856.0
1781.0
966.0
1409.0
1694.0
1048.0
1166.0
3123.0
1594.0
2815.0
1109.0
2026.0
2167.0
4685.0
2234.0
2937.0
2008.0
675.0
2236.0
1098.0
940.0
819.0
2045.0
1219.0
1399.0
721.0
908.0
1089.0
4961.0
5134.0
2962.0
4131.0
1686.0
1258.0
1526.0
5275.0
6291.0
1320.0
1298.0
4608.0
2396.0
1485.0
2971.0
2749.0
1300.0
1769.0
1756.0
1382.0
620.0
2511.0
4418.0
2605.0
3076.0
1107.0
6474.0
529.0
2595.0
1433.0
2656.0
2308.0
6008.0
987.0
1965.0
1398.0
2141.0
2093.0
4513.0
2763.0
2767.0
2546.0
1981.0
1685.0
2314.0
1187.0
2177.0
1539.0
1033.0
954.0
3237.0
5119.0
5764.0
4186.0
4799.0
1565.0
5984.0
1482.0
2068.0
2965.0
1789.0
6455.0
2961.0
1645.0
6159.0
4442.0
2362.0
1235.0
2495.0
3999.0
818.0
3863.0
1984.0
2641.0
3013.0
1697.0
2154.0
2502.0
4861.0
2346.0
3570.0
1637.0
5705.0
1460.0
2999.0
644.0
2827.0
3177.0
172.0
1261.0
1616.0
1753.0
1339.0
1109.0
6055.0
1145.0
1065.0
4847.0
2125.0
530.0
1642.0
1187.0
3507.0
1767.0
3198.0
1788.0
2508.0
2199.0
5700.0
1166.0
3074.0
6183.0
2637.0
4253.0
2381.0
3480.0
2009.0
2241.0
1307.0
3196.0
1738.0
5956.0
1771.0
2925.0
2946.0
2567.0
1862.0
920.0
1071.0
1458.0
1542.0
1911.0
589.0
1094.0
2771.0
2691.0
1713.0
1063.0
549.0
2673.0
4206.0
3460.0
631.0
1563.0
1919.0
3274.0
1094.0
1045.0
1834.0
3996.0
5077.0
1134.0
4012.0
1383.0
888.0
1314.0
2879.0
1416.0
3842.0
1152.0
3269.0
995.0
508.0
2599.0
6128.0
959.0
1256.0
2748.0
5837.0
2453.0
1981.0
1109.0
3173.0
1062.0
3341.0
2532.0
2780.0
2642.0
1090.0
3451.0
1009.0
2574.0
2370.0
930.0
555.0
1594.0
590.0
394.0
2244.0
3492.0
4195.0
4307.0
6733.0
2485.0
2421.0
845.0
1553.0
564.0
1054.0
3286.0
2942.0
6238.0
2856.0
818.0
371.0
780.0
5826.0
1295.0
1577.0
1262.0
3251.0
4678.0
1795.0
696.0
5093.0
5553.0
2929.0
1103.0
608.0
1939.0
1994.0
4098.0
464.0
1489.0
3501.0
1204.0
5664.0
2770.0
954.0
2831.0
1069.0
5145.0
1025.0
1375.0
2501.0
2624.0
3054.0
857.0
3493.0
1645.0
3730.0
4534.0
2641.0
1319.0
3100.0
4531.0
3120.0
717.0
932.0
3204.0
1901.0
1261.0
891.0
5164.0
2878.0
3856.0
3140.0
474.0
1424.0
4321.0
2645.0
795.0
1798.0
1471.0
4329.0
1599.0
1163.0
3801.0
1353.0
1381.0
6957.0
3731.0
1958.0
2210.0
4090.0
868.0
2227.0
1677.0
1935.0
1699.0
2211.0
860.0
1263.0
3947.0
691.0
605.0
1172.0
1541.0
1217.0
1434.0
1169.0
612.0
2968.0
1630.0
1801.0
1629.0
1691.0
3409.0
4430.0
2387.0
1388.0
1529.0
1394.0
4074.0
896.0
1804.0
2367.0
730.0
1851.0
2259.0
318.0
3209.0
1949.0
2239.0
2379.0
617.0
3685.0
1973.0
1437.0
1080.0
5851.0
859.0
2653.0
565.0
649.0
3730.0
4805.0
604.0
2216.0
598.0
4544.0
4520.0
2169.0
2341.0
7406.0
3069.0
4504.0
2382.0
1170.0
1988.0
532.0
1341.0
3791.0
3193.0
3219.0
2871.0
2265.0
973.0
783.0
4446.0
1530.0
2030.0
6173.0
1772.0
4025.0
1973.0
5235.0
764.0
2876.0
3040.0
975.0
896.0
1350.0
2047.0
1057.0
3520.0
3396.0
3855.0
3367.0
1721.0
1880.0
4112.0
3580.0
3181.0
2270.0
2578.0
2079.0
3116.0
1784.0
1854.0
1323.0
1966.0
1572.0
1188.0
2745.0
2840.0
2240.0
2494.0
321.0
2862.0
2803.0
2904.0
3946.0
1895.0
3138.0
2389.0
6267.0
2808.0
4605.0
4609.0
2914.0
3456.0
4462.0
2368.0
1338.0
1901.0
2124.0
1327.0
3766.0
1411.0
730.0
6547.0
998.0
2431.0
3190.0
4327.0
977.0
1891.0
4687.0
4391.0
1076.0
2325.0
2116.0
3495.0
1631.0
1407.0
453.0
900.0
645.0
330.0
6675.0
1665.0
2282.0
4515.0
867.0
1012.0
1954.0
4212.0
4990.0
3347.0
1567.0
3907.0
1809.0
7210.0
2435.0
1302.0
1693.0
1151.0
1206.0
2763.0
