2119.0
1915.0
3847.0
3143.0
1881.0
2060.0
1817.0
4187.0
988.0
1263.0
6122.0
1526.0
2785.0
1314.0
3361.0
1711.0
3997.0
1178.0
4440.0
2888.0
2328.0
912.0
847.0
4094.0
1618.0
1193.0
544.0
1836.0
2436.0
1204.0
452.0
1440.0
2339.0
3420.0
4332.0
399.0
1391.0
2079.0
860.0
3069.0
5432.0
1432.0
5016.0
1250.0
1682.0
2058.0
2750.0
5486.0
4066.0
757.0
1855.0
995.0
1105.0
993.0
1592.0
2498.0
1368.0
1483.0
3177.0
1091.0
2947.0
2669.0
1278.0
1104.0
432.0
1503.0
4025.0
3739.0
2959.0
4933.0
1701.0
1100.0
6155.0
2458.0
4209.0
661.0
5178.0
3784.0
1730.0
1920.0
2336.0
1550.0
3045.0
3260.0
1192.0
3786.0
1993.0
1777.0
1993.0
1574.0
2084.0
1250.0
2163.0
1869.0
2215.0
962.0
2338.0
629.0
1191.0
2847.0
