23.0
6.0
577.0
1128.0
2412.0
4411.0
747.0
1231.0
3965.0
2183.0
1018.0
995.0
665.0
2349.0
3730.0
1951.0
1640.0
667.0
554.0
3324.0
1387.0
854.0
2752.0
1810.0
2965.0
3788.0
945.0
3620.0
2097.0
3937.0
4490.0
696.0
3531.0
847.0
445.0
2181.0
5954.0
3455.0
1546.0
660.0
1200.0
1396.0
1305.0
1046.0
4552.0
1713.0
1970.0
1582.0
610.0
1579.0
3121.0
2134.0
1335.0
1963.0
1880.0
5757.0
5375.0
5094.0
3644.0
3004.0
2162.0
921.0
3401.0
865.0
2042.0
908.0
2064.0
4057.0
1245.0
808.0
3134.0
3722.0
1902.0
4910.0
604.0
318.0
801.0
1149.0
4108.0
2334.0
982.0
990.0
1157.0
2598.0
422.0
797.0
524.0
2656.0
1275.0
1155.0
2773.0
2805.0
3000.0
5041.0
1789.0
3167.0
2368.0
1079.0
2992.0
2524.0
