2184.0
1041440.0
2445912.0
10296.0
279777.0
36624.0
782.0
23920.0
28080.0
31816.0
27336.0
320760.0
3232816.0
215232.0
1270325.0
60192.0
104975.0
1290240.0
84234.0
1039600.0
675282.0
30394.0
98.0
503931.0
28644.0
275070.0
27566.0
26878.0
297024.0
182484.0
3355848.0
875610.0
2066921.0
331247.0
419622.0
2844.0
8662.0
914624.0
207825.0
28773.0
3059475.0
31106.0
407836.0
1354254.0
267972.0
62830.0
2222.0
37202.0
1720660.0
15264.0
1110555.0
3212.0
5012477.0
262880.0
27122.0
1204165.0
579772.0
1264580.0
51425.0
300.0
519840.0
397440.0
1387540.0
1438122.0
328.0
49476.0
5584480.0
9308.0
543165.0
1856931.0
698265.0
333508.0
153550.0
30418.0
115808.0
19800.0
954.0
11248.0
1710304.0
8496.0
347941.0
19110.0
6960.0
894017.0
20815.0
2677752.0
150040.0
2156.0
22344.0
29876.0
396615.0
213928.0
610976.0
24156.0
398991.0
4027245.0
502528.0
113920.0
8136.0
5544.0
