2602656.0
426951.0
1373575.0
1880200.0
242004.0
4753.0
5535.0
90201.0
5641150.0
2043504.0
5176388.0
2742470.0
292842.0
1957388.0
2138522.0
86858.0
768.0
1078.0
67782.0
149292.0
2602962.0
137114.0
59850.0
22680.0
300.0
471200.0
9864.0
1457071.0
79696.0
1830708.0
84078.0
692094.0
74200.0
4046769.0
656096.0
4515.0
2225.0
1682496.0
1978.0
144210.0
192.0
2008110.0
1320200.0
758712.0
8949.0
2287474.0
8928.0
341.0
3685430.0
29436.0
199281.0
1081519.0
69440.0
228000.0
5000376.0
42173.0
1134.0
2683365.0
4000.0
149126.0
2995839.0
2397255.0
5152.0
1175722.0
1199870.0
410916.0
485835.0
23674.0
397398.0
756.0
2741145.0
8288.0
346875.0
86580.0
174340.0
70278.0
2333169.0
30624.0
3870.0
510874.0
286200.0
1168332.0
3528266.0
938448.0
353886.0
66960.0
254016.0
4526952.0
24864.0
3152388.0
443032.0
228.0
1333665.0
2143732.0
1254381.0
8255.0
433344.0
3890840.0
104720.0
1086300.0
