338916.0
56028.0
33330.0
248868.0
10368.0
432667.0
310706.0
1255112.0
476307.0
1008.0
904462.0
554184.0
1104636.0
117.0
701883.0
5664.0
695800.0
1146249.0
44034.0
35638.0
267761.0
9198.0
15120.0
259956.0
2598054.0
3609548.0
15048.0
1066744.0
742.0
25245.0
1834598.0
921888.0
256424.0
197028.0
984060.0
180450.0
2313459.0
3484184.0
515442.0
9922.0
237120.0
593046.0
5875.0
167454.0
202710.0
23908.0
183897.0
28800.0
174124.0
1209075.0
4322340.0
3716748.0
3154.0
48720.0
394091.0
1470988.0
334565.0
310156.0
39894.0
782432.0
970171.0
2961110.0
89358.0
916470.0
535744.0
72615.0
2103740.0
130652.0
379967.0
3462100.0
74896.0
3071046.0
5214432.0
4387.0
96652.0
3290.0
4802.0
173888.0
82103.0
6679608.0
7860.0
2234928.0
136896.0
54967.0
1458.0
33592.0
57984.0
304648.0
1920.0
3209176.0
285508.0
333060.0
2139575.0
1275612.0
511104.0
871317.0
3890986.0
564415.0
770.0
10744.0
519912.0
81787.0
21080.0
280.0
5076.0
5904.0
106652.0
490.0
1150835.0
360.0
21360.0
1846.0
1593780.0
5355990.0
122808.0
22557.0
197398.0
365838.0
31833.0
1148680.0
5824.0
1735842.0
1489488.0
23091.0
4151376.0
686424.0
20336.0
2039422.0
715399.0
299268.0
450450.0
4905.0
33744.0
52200.0
1740.0
3090.0
498536.0
1260.0
77658.0
1586277.0
116085.0
190536.0
83006.0
319448.0
83425.0
2228838.0
784618.0
876260.0
4857825.0
895828.0
15010.0
1995174.0
180.0
3295950.0
127725.0
4056.0
864.0
675.0
720.0
244071.0
1825.0
1554571.0
2036481.0
11088.0
5199080.0
7956.0
14250.0
13268.0
5628.0
1259700.0
616975.0
1824.0
84740.0
78524.0
493504.0
630.0
1479954.0
863328.0
156746.0
1147806.0
66172.0
47559.0
72630.0
761987.0
736805.0
4006485.0
1386.0
1311.0
338.0
92127.0
1445578.0
4065216.0
1128962.0
11328.0
897414.0
1474.0
2688.0
4224.0
792728.0
1535652.0
95760.0
568182.0
45588.0
1010496.0
3007525.0
433070.0
5428.0
29964.0
341250.0
2543708.0
49742.0
14040.0
1805814.0
1275.0
353290.0
31980.0
119808.0
524560.0
855589.0
1991044.0
33654.0
1305395.0
354172.0
227908.0
1685398.0
2063875.0
511083.0
223289.0
1183710.0
557274.0
196042.0
3612.0
9672.0
802048.0
38948.0
2317425.0
13923.0
1053120.0
448050.0
1797174.0
20355.0
336204.0
1871980.0
37184.0
313968.0
631174.0
527186.0
1785.0
1278.0
2430.0
3245925.0
5512.0
21645.0
867330.0
1254.0
240.0
107512.0
654583.0
24282.0
50568.0
1066000.0
1220345.0
849746.0
17136.0
55687.0
185889.0
1317848.0
638600.0
3906.0
56635.0
957898.0
847896.0
92510.0
8056.0
196.0
30590.0
54600.0
372633.0
2496.0
269574.0
974128.0
248346.0
24924.0
6380.0
358206.0
528.0
1658928.0
0.0
37632.0
27900.0
5989636.0
207100.0
1659460.0
3760414.0
1652275.0
27504.0
1742.0
658923.0
153663.0
96824.0
7020.0
963603.0
1215665.0
12397.0
367665.0
13013.0
2635.0
272.0
2101671.0
49842.0
1790550.0
6210.0
3007.0
694498.0
29488.0
264496.0
1237000.0
972.0
187054.0
486208.0
178650.0
3490422.0
77562.0
74250.0
1901560.0
83768.0
413820.0
117744.0
4018.0
1382928.0
76916.0
7714.0
163450.0
868.0
3696.0
1780875.0
23541.0
813732.0
3154438.0
32012.0
54684.0
3726.0
219018.0
842128.0
191352.0
1508728.0
15840.0
951966.0
217088.0
679392.0
405900.0
318636.0
3201291.0
3893777.0
229356.0
4783968.0
238392.0
44712.0
212048.0
1680712.0
21583.0
209880.0
16756.0
1916544.0
399168.0
1361892.0
919484.0
15312.0
106260.0
60390.0
120600.0
785700.0
3116492.0
10788.0
500.0
2708079.0
32185.0
118008.0
694768.0
575405.0
56144.0
439992.0
128100.0
121500.0
370.0
188484.0
472548.0
987.0
288360.0
257012.0
6048.0
614109.0
122598.0
3332.0
23575.0
400200.0
21808.0
173844.0
139707.0
1117060.0
4200.0
1681160.0
48380.0
65649.0
46866.0
1454112.0
210.0
674982.0
27400.0
1923669.0
3842.0
378161.0
1068550.0
643570.0
1284804.0
5678104.0
732732.0
3572200.0
402647.0
2185414.0
5753965.0
38964.0
7744.0
5091750.0
1495.0
23622.0
94135.0
5148.0
310249.0
7020.0
4770.0
780.0
6765.0
544375.0
20904.0
92584.0
960.0
16800.0
570840.0
4368.0
668928.0
12450.0
314430.0
2433425.0
915208.0
1241605.0
555987.0
1518.0
82076.0
141542.0
556776.0
2005416.0
529300.0
214130.0
3003.0
259392.0
72877.0
16872.0
732776.0
400.0
211453.0
7560.0
234720.0
46102.0
16744.0
1475370.0
5900.0
296784.0
696388.0
18880.0
965068.0
441140.0
710572.0
876548.0
77284.0
677241.0
310300.0
353772.0
2921970.0
1943.0
155472.0
980.0
3524149.0
1475.0
121797.0
430650.0
517716.0
187798.0
2850.0
212792.0
316540.0
92082.0
6098463.0
1899598.0
4695213.0
164430.0
1072258.0
576838.0
43090.0
3707003.0
233073.0
1175185.0
1013970.0
27022.0
121659.0
27840.0
1672893.0
15886.0
4837778.0
47061.0
95732.0
70747.0
77792.0
276000.0
260304.0
1445.0
96089.0
128627.0
203810.0
444375.0
56375.0
425612.0
731142.0
18126.0
344344.0
601887.0
87110.0
6846070.0
1416157.0
15471.0
1460888.0
966.0
36450.0
648.0
1122394.0
143948.0
126412.0
1072.0
2530840.0
56134.0
3960.0
26999.0
3617886.0
1848.0
35244.0
643104.0
244330.0
65412.0
1292588.0
321244.0
620310.0
327159.0
924.0
105922.0
1096516.0
218086.0
55845.0
5664.0
30080.0
1316006.0
484220.0
976.0
961136.0
1260.0
196830.0
198900.0
748160.0
1814288.0
4192.0
6435.0
4509150.0
18914.0
37932.0
539400.0
75735.0
7074.0
5787082.0
34808.0
95465.0
2812.0
120.0
902514.0
132530.0
5192.0
51230.0
220410.0
54675.0
2130.0
3204.0
1937166.0
74347.0
457800.0
623796.0
1517336.0
737154.0
1083.0
108459.0
2548.0
1920.0
15943.0
47060.0
826557.0
206974.0
3101984.0
3825426.0
506519.0
38.0
808960.0
338448.0
3518796.0
215748.0
508052.0
2094679.0
49634.0
35903.0
189244.0
5473842.0
2547720.0
520.0
16032.0
209312.0
558720.0
849052.0
1786172.0
1621500.0
1096125.0
267970.0
39044.0
51200.0
403104.0
104293.0
744.0
962.0
3871.0
663831.0
2532049.0
1753689.0
11008.0
113176.0
18312.0
965061.0
202910.0
2835.0
1088.0
4723095.0
1941380.0
735435.0
107756.0
1172528.0
3745.0
2202188.0
220806.0
175508.0
1046010.0
25276.0
209088.0
1343034.0
2958.0
1987164.0
375700.0
26934.0
787045.0
2625.0
1675800.0
16638.0
14416.0
1200.0
162720.0
5980.0
13770.0
8905.0
3159.0
6600.0
2946636.0
3335.0
554942.0
207021.0
390000.0
3334122.0
453252.0
469800.0
12136.0
1037645.0
935.0
250707.0
301725.0
2633776.0
899808.0
3964670.0
5708110.0
221229.0
11808.0
438795.0
351056.0
2285073.0
21896.0
5344088.0
667492.0
33810.0
805585.0
3270.0
3505528.0
3309299.0
296877.0
30528.0
5348064.0
1201200.0
334197.0
1020.0
637325.0
2587221.0
47740.0
407592.0
300604.0
151638.0
410481.0
145195.0
2732650.0
5383664.0
209840.0
376740.0
963900.0
5512.0
0.0
132969.0
1126883.0
2881992.0
517713.0
2550366.0
1070010.0
43475.0
39144.0
63956.0
6161.0
5220696.0
173362.0
69696.0
276668.0
4040.0
76.0
583828.0
1753422.0
616275.0
1140825.0
158046.0
34560.0
697884.0
401580.0
128492.0
3141968.0
1555212.0
140760.0
1493840.0
1394.0
1002622.0
199056.0
1210950.0
1420.0
312908.0
2343402.0
259805.0
492072.0
26200.0
616.0
21090.0
1286850.0
4136.0
25740.0
1704.0
58108.0
641312.0
560865.0
24310.0
166064.0
39858.0
250446.0
463141.0
103632.0
3141918.0
2656689.0
3342840.0
671.0
1405620.0
14758.0
11165.0
160328.0
29748.0
615820.0
877844.0
6741.0
16731.0
655614.0
24871.0
178422.0
871332.0
289363.0
28160.0
986.0
255210.0
728.0
820352.0
37355.0
24633.0
1791601.0
9760.0
986328.0
3744.0
143497.0
0.0
957672.0
34914.0
519348.0
159960.0
76176.0
2704.0
1281696.0
311616.0
3071408.0
200187.0
184025.0
897.0
411680.0
10062.0
15229.0
1151215.0
1660.0
429375.0
41087.0
401952.0
470028.0
1089840.0
768196.0
20790.0
3345875.0
1975.0
494431.0
2588308.0
58212.0
1425295.0
353856.0
4251483.0
1196272.0
92976.0
143440.0
100955.0
1650.0
265956.0
15714.0
65932.0
1651860.0
190594.0
3526.0
5494.0
247164.0
37720.0
7075880.0
25476.0
1866510.0
161146.0
31096.0
2668.0
403465.0
532800.0
1354871.0
583471.0
1447488.0
140160.0
1656858.0
984.0
90300.0
1710.0
6901978.0
302419.0
3739050.0
205145.0
1248177.0
264404.0
165517.0
111616.0
584740.0
439807.0
7224.0
1976.0
75525.0
1646112.0
5590.0
88101.0
14696.0
2496.0
14507.0
33291.0
6019660.0
310254.0
1494.0
236811.0
8503110.0
41360.0
48750.0
2548266.0
166056.0
621295.0
3620880.0
596853.0
157150.0
36980.0
20475.0
71815.0
75336.0
846612.0
4536.0
1277550.0
2489795.0
226672.0
84688.0
18256.0
422357.0
3648.0
1307657.0
4508958.0
1579208.0
2051126.0
2041941.0
1083.0
896512.0
1428.0
67337.0
1988560.0
1752.0
3088033.0
2416285.0
1283949.0
872929.0
60512.0
334662.0
72417.0
25996.0
103284.0
420.0
276150.0
9768.0
33135.0
6032.0
312765.0
21484.0
2348166.0
677303.0
23668.0
1426550.0
294.0
7448.0
1224.0
5244070.0
443410.0
990314.0
127592.0
1593.0
4025448.0
91392.0
106029.0
800.0
464048.0
1554568.0
47960.0
2699682.0
3808188.0
7705.0
770.0
2285776.0
5029416.0
18573.0
481587.0
2368072.0
505106.0
5290.0
551373.0
331335.0
494080.0
177576.0
1774955.0
821523.0
3172125.0
5565120.0
3022848.0
1679584.0
11664.0
374.0
1056.0
490.0
2527560.0
168655.0
3694578.0
218346.0
3230.0
3148626.0
1664.0
230232.0
313818.0
7260.0
127380.0
317832.0
