337284.0
55825.0
33330.0
249018.0
10368.0
439803.0
311083.0
1220100.0
479516.0
972.0
930124.0
563640.0
1125514.0
117.0
720512.0
5664.0
700352.0
1117512.0
45696.0
33936.0
269438.0
9198.0
15120.0
258297.0
2603175.0
3603701.0
15048.0
1068000.0
742.0
25480.0
1844139.0
891423.0
252720.0
189927.0
984060.0
179767.0
2299266.0
3461598.0
515442.0
9922.0
243536.0
601676.0
5828.0
167454.0
203145.0
24120.0
190112.0
28288.0
173362.0
1198500.0
4323678.0
3705458.0
3154.0
49006.0
399355.0
1470988.0
338800.0
307464.0
39894.0
789168.0
971850.0
2976800.0
88796.0
967393.0
543306.0
73406.0
2115228.0
126074.0
376593.0
3462100.0
74648.0
3083415.0
5214432.0
4387.0
96652.0
3290.0
4802.0
174499.0
82103.0
6679608.0
7860.0
2287960.0
139472.0
53805.0
1458.0
33000.0
58286.0
295156.0
1920.0
3215300.0
285684.0
335008.0
2151775.0
1274354.0
511104.0
868518.0
3890986.0
564415.0
770.0
10744.0
