299725.0
49025.0
30552.0
208488.0
9316.0
384048.0
262269.0
1059174.0
449856.0
918.0
723177.0
513372.0
954024.0
117.0
638694.0
5712.0
583875.0
967164.0
38678.0
33945.0
241152.0
9271.0
13425.0
202059.0
2485392.0
3469220.0
14600.0
965568.0
686.0
24805.0
1785530.0
759544.0
198810.0
180504.0
921431.0
156456.0
2193607.0
3131916.0
497044.0
9676.0
227934.0
531980.0
5405.0
157108.0
161553.0
23355.0
165212.0
27735.0
130698.0
1135050.0
4159760.0
3433372.0
2964.0
44844.0
368000.0
1491780.0
304604.0
263378.0
37080.0
756360.0
846036.0
2844534.0
71520.0
874233.0
507744.0
59994.0
2020452.0
116277.0
296000.0
3299890.0
62628.0
2931453.0
4910400.0
4223.0
90694.0
2975.0
4459.0
142719.0
66950.0
6325293.0
7590.0
2085440.0
110105.0
47616.0
1296.0
32841.0
54540.0
258720.0
1920.0
3034482.0
252860.0
291460.0
2041975.0
1226550.0
491502.0
836256.0
3697716.0
448970.0
737.0
10586.0
