2184.0
917163.0
2337454.0
9164.0
260496.0
32100.0
765.0
26784.0
26640.0
28032.0
27472.0
298034.0
3077460.0
196692.0
1172352.0
52819.0
95784.0
1122586.0
77010.0
893210.0
582205.0
28124.0
96.0
450097.0
27032.0
231792.0
26820.0
23100.0
272356.0
150480.0
3098760.0
842508.0
1790605.0
271260.0
392580.0
2844.0
8662.0
895864.0
185328.0
26999.0
2989378.0
30400.0
353056.0
1111047.0
240681.0
57400.0
2180.0
32868.0
1625330.0
14400.0
946890.0
3212.0
4780916.0
245991.0
25938.0
1121208.0
509396.0
1203737.0
47784.0
300.0
423360.0
320892.0
1301890.0
1339634.0
328.0
45318.0
5191696.0
8910.0
501657.0
1762920.0
671963.0
274896.0
130824.0
27938.0
82621.0
18849.0
944.0
10626.0
1658500.0
8280.0
305321.0
18837.0
6960.0
763804.0
18630.0
2554560.0
136940.0
2072.0
21182.0
28130.0
331916.0
195363.0
507669.0
21730.0
381612.0
3768576.0
387177.0
95135.0
7740.0
5461.0
