25287224
16675686
5155129.0
1428500.0
2349671.0
3941469.0
20017979
8460468.0
3032071.0
11978252
13150023
11570719
3239519.0
4355836.0
9680731.0
11817206
7854872.0
5604145.0
5388680.0
6003312.0
15269091
9061926.0
16389925
26938884
9270508.0
11107016
1.079433E+7
6994574.0
6876407.0
2343749.0
5166238.0
17148222
3468395.0
12652738
1914556.0
2250211.0
9121028.0
21369953
8013831.0
11768286
2178625.0
20052258
23387691
1.943791E+7
13078994
6878570.0
12468872
10485461
7213313.0
3072570.0
2594077.0
4928985.0
16750487
5203184.0
18369222
10126465
1.69737E+7
8358292.0
19440519
2573120.0
10627176
9336812.0
9267659.0
4001586.0
2396549.0
3849707.0
1938947.0
1932711.0
12107826
8405955.0
7351348.0
5043036.0
1736357.0
13787553
2812888.0
5390805.0
24494694
22709609
4113827.0
6136721.0
5314960.0
14138621
5438438.0
7665197.0
3090080.0
3142349.0
10777716
9371701.0
6130558.0
2173224.0
5008847.0
2260891.0
7292659.0
19087462
7735604.0
18719652
18636238
9445798.0
16132764
8590166.0
2666351.0
3941733.0
6176026.0
8905313.0
8317925.0
7053207.0
4520680.0
4827118.0
8193379.0
8816758.0
3862014.0
8025555.0
10472324
2617011.0
1794551.0
12685498
7477483.0
3810607.0
12084865
4303262.0
3781897.0
2785232.0
7293882.0
2310344.0
9443870.0
13379461
14405011
5348937.0
10570031
12167861
16187294
9559877.0
3761345.0
15598776
5193639.0
10406985
10993899
6661536.0
3225445.0
9300046.0
11628352
2118224.0
3160212.0
2670180.0
18097356
2264643.0
21122683
1.085088E+7
5341653.0
5047295.0
5413811.0
6864125.0
5230809.0
6082510.0
3435989.0
9331874.0
14390847
9434178.0
2739936.0
12685183
13343291
5104873.0
1.265355E+7
5791611.0
12452356
13001664
20120555
10412446
6862157.0
1742255.0
7796436.0
14248576
2805154.0
2628780.0
8869388.0
7276961.0
22291339
9170485.0
3281865.0
2390883.0
20359479
3332864.0
6076355.0
14240592
4548162.0
9393326.0
12483424
4504568.0
3481741.0
15649412
7378348.0
5522988.0
7971194.0
6664396.0
2424427.0
24038832
26616716
24126582
3193389.0
9363414.0
20671717
18108507
22571602
16919767
10641759
4559494.0
10516823
9038816.0
6294345.0
5218676.0
6605880.0
13877213
17576329
6989566.0
2402957.0
3642216.0
21736539
5675598.0
2193328.0
16398557
13062735
3164136.0
16038699
3627553.0
12482778
7741087.0
8110385.0
3856402.0
4134345.0
17759311
5399462.0
2216202.0
14902283
2434133.0
15936593
19646176
20251446
5828463.0
10641772
16190762
5138265.0
7818730.0
12432028
1629650.0
27209849
7021178.0
1523223.0
1508158.0
9081431.0
14367919
22301306
16336015
11324548
2568589.0
2166610.0
2995124.0
3765568.0
3110231.0
12161904
3207606.0
9931225.0
2039378.0
1.42822E+7
3912606.0
3090826.0
12594372
17963044
4789518.0
11285919
7077443.0
8557366.0
16765907
8066964.0
3893405.0
2616322.0
13331271
4931146.0
6664050.0
8317633.0
8919737.0
8512142.0
7993719.0
23495287
12336458
9695339.0
8067086.0
1.660642E+7
6596209.0
15594678
3120218.0
7280370.0
3533591.0
7911213.0
3111680.0
7521548.0
3856010.0
16909357
5414256.0
3323180.0
5345407.0
3379713.0
4877438.0
2.654243E+7
3205378.0
2874356.0
6270397.0
4272890.0
13410404
4449958.0
3911554.0
6880645.0
3337380.0
6307688.0
17766633
2430258.0
23433456
13934704
1.329293E+7
10974157
14505676
9826274.0
6893522.0
3318863.0
8006421.0
17946195
1.498181E+7
12318966
3286298.0
4871252.0
10874694
12044955
8355341.0
2933571.0
2773838.0
6829439.0
4179767.0
10872784
4278473.0
8175185.0
26434907
17223834
3995675.0
19320121
1434610.0
7582072.0
12957382
2267952.0
7576369.0
7380800.0
11639969
2702174.0
4069022.0
10896745
8325379.0
2303253.0
11273319
10977135
14768768
18138024
11351274
7423070.0
1.031392E+7
13025102
13260659
1.171654E+7
2987474.0
11389301
5977402.0
20258267
7142789.0
1897410.0
3098436.0
8724946.0
3541363.0
3345120.0
2.167867E+7
1.342732E+7
10910695
1624149.0
2660209.0
7815939.0
6168359.0
8932096.0
5523601.0
14091983
23297048
2851214.0
2877019.0
22303526
14755273
15075405
24067499
8474138.0
2632563.0
19185148
10259009
5497918.0
10076901
13104638
6205128.0
2874652.0
12385354
4570824.0
5064554.0
19236181
14671147
18795101
17457061
8765766.0
7696668.0
18452493
4972664.0
6958886.0
4866409.0
8210359.0
11029687
10959204
2.233462E+7
8080933.0
2269814.0
1.200744E+7
18903655
5399174.0
21449042
16589289
12182749
13229455
7194441.0
4547433.0
3292451.0
2643332.0
14296471
8693680.0
1756186.0
1.059768E+7
2915907.0
17279475
16939197
20501029
14192849
1556359.0
9869586.0
12329703
5049986.0
13949899
5403018.0
4083421.0
9097857.0
5301118.0
1303026.0
5143553.0
4220796.0
1442838.0
7853080.0
5668466.0
4790546.0
14268917
3000510.0
9189193.0
6040284.0
4054143.0
8391087.0
1932701.0
5389199.0
10793763
8296284.0
15612177
5921127.0
24223602
14775423
4108502.0
2452859.0
14801961
21163879
20051119
3728389.0
3719343.0
6848368.0
2118885.0
10954873
3715391.0
6529205.0
9694392.0
3244902.0
3407798.0
2525494.0
4030004.0
3400265.0
11707012
12023269
8488167.0
2330981.0
5885633.0
4330947.0
26470876
1510834.0
9761753.0
10898505
11540711
5988464.0
7294144.0
1806246.0
4084194.0
4440661.0
6903238.0
15865441
3655795.0
13482003
7545241.0
14007829
12614056
13331525
6960577.0
1782200.0
10483152
7927291.0
4343410.0
5187380.0
4881289.0
9542914.0
9571715.0
5210397.0
5721586.0
2346216.0
1.519035E+7
13736129
16974845
10670949
10294845
12780756
3662834.0
11887466
2605479.0
6012211.0
2335766.0
7353800.0
10891437
2.066984E+7
4079063.0
20109752
16525258
12882111
3148709.0
6477083.0
5319808.0
5992600.0
10402327
9512430.0
3675423.0
9350761.0
4680487.0
3565739.0
2910895.0
22065839
8638297.0
2429102.0
7846991.0
5993699.0
16274289
14306759
2683091.0
5272874.0
19851471
10469022
6053125.0
4322784.0
3105855.0
5991236.0
6384487.0
4509538.0
2373917.0
8518873.0
1.419191E+7
13246441
4343246.0
19793591
5838792.0
2354696.0
14003328
15116131
9260018.0
11342714
4424376.0
17723614
15563608
9714490.0
10306133
8582019.0
8952758.0
6092589.0
9278968.0
10095058
13799473
15472871
3447181.0
7779667.0
16157202
6964584.0
21095407
17591032
11519892
7607804.0
3252535.0
9319664.0
2617494.0
2694953.0
7325207.0
1552646.0
2.123521E+7
6437704.0
2558576.0
22816179
15571302
8283722.0
5433036.0
1.395535E+7
8629965.0
17197356
4282731.0
20073397
8894306.0
2782585.0
2501761.0
4244585.0
2029387.0
14870085
7751448.0
6859362.0
13566949
17557238
16629233
17377079
14770328
5815712.0
12075936
13383937
8246742.0
6901124.0
7030285.0
9149523.0
4545531.0
4285887.0
2232966.0
2411347.0
11062629
16246415
24825321
22589922
9047616.0
3060280.0
1.103987E+7
6660881.0
4975107.0
5804443.0
11481212
15507972
7425034.0
1869889.0
5064294.0
6032645.0
12421538
2221003.0
13581316
1.202286E+7
2746534.0
14038418
20757988
15828661
4796817.0
8620350.0
13512509
8803670.0
5078211.0
2964887.0
10156954
7108140.0
23831294
17922522
8061188.0
2857627.0
9192459.0
2.194395E+7
24575392
28806677
3189364.0
8846390.0
20743358
1964844.0
9606795.0
3098948.0
12550964
7511926.0
14877037
5143167.0
2424637.0
17063486
1775152.0
9533095.0
14000273
2798367.0
2876583.0
9539390.0
17742511
8049629.0
7380976.0
3577430.0
10137569
7276166.0
8933651.0
3663223.0
5009673.0
6233502.0
1627459.0
1702012.0
2519168.0
7892930.0
20262363
19056727
15098704
3256474.0
6005283.0
4181796.0
4884141.0
3885337.0
3452044.0
9068713.0
7968453.0
10163718
4331980.0
19196011
876261.0
2606288.0
12462255
16155693
19609748
24638415
19865047
8251540.0
7917103.0
20641544
6771440.0
11713738
1917112.0
14722054
3651173.0
9680635.0
9785323.0
8299487.0
4079472.0
12896386
2344575.0
4345529.0
7301601.0
7892595.0
1718279.0
10013898
4457636.0
1.357341E+7
11944759
12097508
9076807.0
3071197.0
1.118351E+7
1735197.0
22167059
18431311
3559055.0
8135367.0
4488750.0
12557431
11688694
19826707
16176563
10497073
15468578
18265072
9199800.0
3248638.0
2298242.0
1.07296E+7
1911423.0
2676280.0
4932119.0
3655245.0
20538648
10234647
3739277.0
6122235.0
16898226
3345935.0
12470645
1.076047E+7
4219156.0
3676666.0
9796627.0
8741065.0
13451601
26456887
9168141.0
2993955.0
3109058.0
6663987.0
3769980.0
12137677
12521559
10753151
16818955
19153523
6634369.0
13493905
1.059529E+7
5578651.0
4425924.0
5589030.0
7281752.0
5802389.0
13889496
23814129
15147924
15423758
4455050.0
4832185.0
2.105678E+7
20593965
2644755.0
6616750.0
4818680.0
1.177898E+7
6335907.0
4783046.0
10410165
5450101.0
6979266.0
10047409
25871335
8309715.0
18860559
17977886
3837404.0
4301655.0
1.770499E+7
2425754.0
13663852
10871157
17865276
11712904
11015898
16094117
2794726.0
6408357.0
5923404.0
2495470.0
27852618
2821285.0
8973520.0
13781051
8346407.0
13261321
8528735.0
12501856
13908423
9068116.0
4337296.0
2376070.0
10694194
5076998.0
15994272
3757719.0
3766303.0
4130476.0
3788784.0
3814451.0
23113632
7876225.0
6491132.0
2810459.0
19652825
8245044.0
13612711
9477492.0
3728682.0
7548929.0
17661499
7795886.0
1995053.0
19796834
5419260.0
8573212.0
3619271.0
7221675.0
8430654.0
3793626.0
5417774.0
4703074.0
19696275
6287200.0
3283975.0
12582899
2915027.0
5261873.0
5604267.0
2679338.0
10591446
4995124.0
6528656.0
13841355
1721372.0
17785571
17857019
7359058.0
3273716.0
10889684
3485297.0
2269596.0
15426075
11234693
7058498.0
6011461.0
1577101.0
7481818.0
25028472
3142183.0
22149777
21386436
3355418.0
2759918.0
4281511.0
8127444.0
13560099
10158021
9091625.0
15854914
10537933
2491339.0
2247764.0
4767242.0
2046496.0
27064907
9057609.0
1834198.0
14647722
10043428
4426287.0
10047196
13526098
8006350.0
13078884
4561064.0
3392472.0
2545704.0
10995138
12522678
5819181.0
11939945
4315399.0
4835314.0
9630508.0
6943293.0
6713008.0
2554837.0
9067189.0
6755245.0
12649957
11549503
1.057754E+7
18678615
6545714.0
5184131.0
2292594.0
7099886.0
13281323
1213250.0
16477388
16594868
6797579.0
4320256.0
7441924.0
1972667.0
18198666
8624160.0
1.267178E+7
12136697
8271157.0
1876299.0
5555810.0
3584952.0
9010866.0
3071969.0
3197321.0
15489475
2353930.0
6211213.0
4927496.0
7155974.0
25395467
14785821
8777737.0
16736615
17350307
12557693
