26461711
3332707.0
6899655.0
3672878.0
20004367
8593005.0
1.462133E+7
16307156
12708244
1.306873E+7
1.070476E+7
5993343.0
3287343.0
6144158.0
10985598
11604495
20809232
15375469
3205635.0
10118289
16427525
6487355.0
9271624.0
3070376.0
14354018
13567941
3616481.0
11731337
5142988.0
2585157.0
11449072
1738519.0
2132050.0
3778980.0
8568081.0
10339102
12764701
1.741566E+7
15703509
17666096
12018695
6221127.0
10210926
18615304
6516261.0
11268234
10239432
6907945.0
3080144.0
5927974.0
2791655.0
8796481.0
12360822
15298356
16483589
11958512
1.255828E+7
6229702.0
5420434.0
1.363732E+7
21952225
20180356
10251058
1.704812E+7
9706194.0
6071045.0
7113807.0
11644674
3668149.0
7800408.0
9065443.0
7760905.0
21782611
4494535.0
1126841.0
14795393
1.796652E+7
5265288.0
1.675338E+7
17403059
14447313
9213642.0
3104775.0
3694233.0
8580148.0
3875405.0
3957774.0
3927693.0
3933281.0
19604178
5752807.0
3208415.0
1.350039E+7
10640885
14849231
9858809.0
2891567.0
6992157.0
2460825.0
12337147
