4864480.0
1862533.0
16021048
9147731.0
9037065.0
7019873.0
5866484.0
5359504.0
3113946.0
4061351.0
7754278.0
11182728
2894025.0
3769878.0
14794461
15357335
9464602.0
1515312.0
16189797
10723071
22007025
5729082.0
3240218.0
7514536.0
13345193
2313972.0
12543134
7513317.0
8719985.0
8877659.0
10764267
2326290.0
9734450.0
6670753.0
6147083.0
6416674.0
21793877
22452341
3372228.0
8156585.0
2986843.0
9415171.0
5225964.0
7520546.0
11242653
10708374
2766699.0
2573668.0
2057898.0
3023041.0
4942011.0
19028817
2240346.0
12085495
15100736
10938608
3193418.0
3434685.0
5804566.0
5071333.0
11441891
4450782.0
3556612.0
7980017.0
14815553
1861612.0
15910906
5836695.0
3512186.0
12060991
5701551.0
9809476.0
20643245
21174569
3695922.0
5434364.0
8754424.0
12751255
3150968.0
3558120.0
9879819.0
2240871.0
1.773112E+7
17494379
7715128.0
2187182.0
3890141.0
9109876.0
5269666.0
10230994
10506479
4796151.0
2280437.0
6456140.0
6889408.0
2154639.0
10282555
2100397.0
5607374.0
19828846
3825885.0
3921342.0
2950067.0
15367302
8094759.0
15493857
10151125
9725755.0
16033292
11891303
3654538.0
6184821.0
11377077
3518713.0
8824042.0
20891246
7091940.0
4857721.0
7495692.0
10562644
6535036.0
8522038.0
26274342
8505470.0
5563147.0
17491696
2408228.0
19241576
7577415.0
20469365
10346096
9853995.0
14041473
9540085.0
10506532
5989539.0
1.005311E+7
3447130.0
3110116.0
10033386
11424205
17599556
9074719.0
7833817.0
16133631
9681839.0
7174008.0
9832010.0
4731716.0
14551311
2783183.0
4947510.0
2286726.0
4141065.0
9829138.0
26222814
1730577.0
3330392.0
17920033
9601982.0
7111052.0
4696301.0
16495391
7375976.0
4628142.0
9897937.0
6169931.0
5969903.0
5390109.0
6307114.0
4397527.0
5197088.0
7665602.0
5571023.0
19763301
11865255
11397203
14142296
6796177.0
11776192
4614466.0
2461592.0
5483809.0
4073982.0
8415542.0
2324712.0
2838323.0
4198796.0
6724268.0
8518323.0
21968479
23290052
5912159.0
19438389
5743170.0
10982185
8073503.0
18967887
1.368865E+7
3470119.0
2259108.0
11116332
1806336.0
23297173
1621014.0
2490789.0
7328334.0
10521335
15297623
22938742
1915052.0
9787584.0
1.453908E+7
16850493
6517957.0
1841351.0
3142405.0
2217386.0
6920272.0
3410710.0
10665617
3202904.0
19022267
2299297.0
3989232.0
6340845.0
9521359.0
18134114
16694108
1.09861E+7
11112495
9291776.0
10117633
8101494.0
6017483.0
3654122.0
2094093.0
7530098.0
26331554
10471162
5768422.0
7310875.0
10062905
12153487
23995167
18517544
3169446.0
3484706.0
13998988
3652593.0
5550708.0
6041981.0
10469625
1.037581E+7
4921538.0
5237550.0
5926556.0
10821078
8751733.0
2301542.0
8784261.0
8725931.0
19659556
8426105.0
27554566
17497388
3350632.0
11766128
5401777.0
11606772
1510326.0
10530012
1504045.0
9662595.0
4707662.0
7479311.0
1902237.0
7525347.0
1.578498E+7
14855386
3115076.0
15438345
5483202.0
17880094
2252688.0
11272231
6871892.0
5437117.0
8049571.0
16001745
9351176.0
2217759.0
4607819.0
8422425.0
9551297.0
17221584
4389387.0
12131891
9001175.0
16898179
4194584.0
15369704
1622992.0
7756191.0
15283947
16438448
2536628.0
5651532.0
4399249.0
4321382.0
16297946
15028325
1459056.0
2767548.0
1.907752E+7
5203811.0
6590257.0
1.272143E+7
2486217.0
4408751.0
5394075.0
3298005.0
1767765.0
4890505.0
3764500.0
6646601.0
6108128.0
10004495
5656773.0
6327792.0
7616456.0
3022000.0
13666274
3034441.0
19431715
10458931
9366193.0
14082992
6602779.0
1810892.0
14448749
10804858
13869813
2590259.0
5163198.0
1554559.0
4409508.0
21628394
8816481.0
15983514
15770657
4584876.0
9983640.0
11079273
6063906.0
13282336
16796549
17202015
4410089.0
1933586.0
3816818.0
7932194.0
14818685
9996684.0
9768709.0
9917247.0
11277653
3207656.0
15518858
6051783.0
1.045079E+7
10762191
14089663
12271836
5815166.0
14567948
5277783.0
3220362.0
4934705.0
5047550.0
2359329.0
9972686.0
8411242.0
4349642.0
5006261.0
7228981.0
17610642
4753971.0
19706605
13207682
13481896
10209157
3288590.0
9637768.0
6646700.0
6063946.0
9823855.0
3794658.0
17433945
8942898.0
1893406.0
5940542.0
7948572.0
19810819
23436282
12464206
4616727.0
4722720.0
5381516.0
12765405
2011555.0
5336299.0
5132847.0
13467649
4391720.0
6572701.0
7593267.0
7997799.0
12970915
16650088
2070349.0
9873511.0
16517239
13977312
14311073
6793780.0
4825338.0
3198620.0
6267407.0
10582956
3860112.0
6028200.0
3027494.0
7025723.0
8086306.0
3877858.0
4327204.0
19885437
3851926.0
16521073
3980370.0
1.087527E+7
13231285
13698019
3726036.0
3285703.0
2383559.0
3192668.0
5879738.0
11458317
18852038
11483772
4045092.0
14066137
14998547
2176838.0
6587789.0
1.853743E+7
8083326.0
4028175.0
6092501.0
10168981
2526111.0
1788264.0
4970228.0
10003705
14299552
14450709
1.291407E+7
1.534172E+7
1.51678E+7
3568375.0
3869281.0
3920037.0
5291572.0
7126464.0
8790544.0
3735714.0
1697937.0
6083735.0
9278953.0
7486351.0
16531231
1.814855E+7
5236369.0
4867485.0
1.010767E+7
19456629
21308414
5573518.0
9521839.0
3375018.0
10509972
10213172
1751165.0
964409.0
3433399.0
7991155.0
9185979.0
16622901
2153433.0
2096000.0
1.144556E+7
19092124
2297963.0
1.374606E+7
10120116
1921970.0
13852611
18810174
7171436.0
3279441.0
11935547
8733913.0
9924219.0
1611593.0
6137322.0
7303080.0
8548924.0
19495848
1824537.0
1.662254E+7
9064199.0
4126634.0
9408117.0
16646932
10165229
7872666.0
8984638.0
4680787.0
4930090.0
3600904.0
5100796.0
9632224.0
16798162
6856542.0
19687752
1.020643E+7
9676009.0
10864898
23886195
11226178
2927489.0
8626813.0
12521129
18705601
5350197.0
6538877.0
12409077
4056189.0
12479898
7084953.0
9156466.0
1496957.0
1.906293E+7
15508301
14687008
3429761.0
5220002.0
9599457.0
9328199.0
8500425.0
5132531.0
6152594.0
13409666
4718531.0
23139387
8805587.0
7611514.0
6549863.0
4739692.0
16662321
13547841
3552114.0
2540944.0
12754748
7418342.0
10385688
4640460.0
4214342.0
7382837.0
2926862.0
4493475.0
9291570.0
6473286.0
6880353.0
13565916
7573667.0
3022763.0
1.201762E+7
7794850.0
1593174.0
2861675.0
3526246.0
5984376.0
5071112.0
9781861.0
10186185
7002792.0
20809117
3914306.0
3995657.0
10211741
12661272
15651669
2786220.0
7717539.0
16892062
9402366.0
9553746.0
16159227
8998182.0
9333196.0
8072298.0
11058569
5249902.0
2077951.0
5160873.0
4196348.0
3389226.0
19057042
2523381.0
15637369
7853244.0
4073082.0
1.23516E+7
4951514.0
3597320.0
17036709
2032072.0
2631361.0
1827636.0
11876134
4312111.0
9364353.0
7508305.0
3537222.0
3374379.0
5135315.0
3611335.0
2120440.0
2892264.0
8244039.0
12411317
21633381
3204699.0
5901465.0
17143514
6458186.0
1.087298E+7
8071571.0
3894872.0
2848876.0
1.290158E+7
15785574
1567898.0
5910042.0
5690155.0
8164123.0
13504461
21587966
1.134912E+7
9980159.0
4808644.0
17094513
5931289.0
8595050.0
1863620.0
13292653
10660113
4303729.0
6733843.0
5049176.0
8245712.0
4896323.0
18066959
6024747.0
23892421
2210006.0
9045708.0
16000546
8583814.0
5852624.0
6073859.0
11241475
8046920.0
8082398.0
4043573.0
3889274.0
5514342.0
17345344
14565254
3016403.0
1.357386E+7
3894234.0
11739865
2177214.0
19155305
17610011
10971745
12802121
2808881.0
3569696.0
8265788.0
1852815.0
8650692.0
5628556.0
4782248.0
1697126.0
2624467.0
14418369
3970736.0
18037355
23544215
4397583.0
9504166.0
2640637.0
9133552.0
10107905
9971171.0
4400804.0
7711544.0
17023425
2.206406E+7
1163296.0
16155597
20599239
17334755
8700464.0
2095419.0
7052007.0
2317627.0
6716629.0
3281003.0
11986559
1843730.0
3544787.0
3464556.0
2200541.0
18502756
9597972.0
5737340.0
12324389
7098907.0
17885065
22777439
16878472
12147262
1.059605E+7
6728399.0
10519978
2394845.0
11892166
11424335
2712502.0
5483394.0
4288137.0
2746949.0
2115974.0
13500503
7521885.0
6706330.0
11132755
5473464.0
5198018.0
4045061.0
6747274.0
9815496.0
12135638
14586273
6836006.0
5045961.0
14996305
1.480913E+7
9130362.0
4123872.0
8713293.0
9682225.0
19169089
18451228
7105613.0
16386142
6106956.0
10501725
3056715.0
19671788
3003082.0
4335495.0
12064511
17763352
2252230.0
5753113.0
13765936
2891680.0
10958765
19524016
7721421.0
6668391.0
2649989.0
15970125
7840959.0
7206664.0
18177229
15515929
11828867
4291140.0
2351635.0
5572591.0
7826221.0
1.406889E+7
18381261
6752541.0
7764805.0
1476308.0
13755561
19713909
3890106.0
11057732
14953298
1818924.0
9841948.0
15083439
2542574.0
9007982.0
14074463
2304953.0
6280436.0
3236278.0
2727792.0
7822714.0
12795234
1.11605E+7
16987454
26702828
15169498
4680666.0
3112760.0
9985715.0
12445561
2299404.0
7220929.0
14729529
2691530.0
6115596.0
6058962.0
1747246.0
16805746
1.544289E+7
4506572.0
17564736
6995335.0
5541743.0
19932726
2224917.0
6128255.0
8545144.0
1.771322E+7
7215277.0
7246480.0
3114445.0
3600760.0
1.143974E+7
18829901
3790197.0
2098946.0
9401959.0
10395386
8771350.0
7814952.0
2260157.0
6234088.0
13403425
15283158
7084171.0
2452109.0
6229143.0
8422969.0
1874650.0
22305728
17655216
8033367.0
10195927
7104802.0
10477287
2.095236E+7
20909197
6234899.0
7498670.0
4247686.0
6799721.0
5582654.0
6373690.0
18109463
17887914
8535438.0
10416803
4588174.0
2803805.0
3266950.0
5882375.0
5540769.0
4324893.0
18595113
18049102
10870935
17545506
5945398.0
5567229.0
4054176.0
20083885
6501417.0
7975479.0
14236041
5779625.0
2105821.0
8136756.0
6052074.0
7518076.0
21273979
9458176.0
14725883
6776430.0
4600978.0
18237424
8364595.0
16544323
11747831
4101490.0
17858499
12549089
5634819.0
1732056.0
10408904
2975355.0
28401192
10559765
6495346.0
13975597
16534195
6366042.0
17270067
9359266.0
9229225.0
7062231.0
3593833.0
10819184
4327697.0
1731967.0
2071507.0
5354781.0
22763734
4814828.0
3298125.0
3702490.0
4126592.0
9148747.0
10537529
17339582
13856829
9306357.0
12252271
11282628
3247384.0
2734851.0
8305148.0
7153146.0
2459316.0
21766828
7409376.0
2249514.0
17866548
8923021.0
8486031.0
14962497
11148144
5800470.0
14246558
1546147.0
5245232.0
8901971.0
3668754.0
2734168.0
3202106.0
9640126.0
1633984.0
5650098.0
13163456
2.171079E+7
6398002.0
16489866
6374682.0
5818099.0
20155151
9538353.0
2152810.0
6562855.0
9456672.0
2484498.0
4224896.0
3431579.0
