10673619
2677760.0
18722378
15292261
6882609.0
4301013.0
4501791.0
11831816
9656350.0
7004142.0
2142936.0
3893063.0
9712385.0
8698867.0
1801739.0
26797491
6127286.0
8502218.0
22576621
11327531
7286215.0
4092060.0
18280588
11869349
3737763.0
3398041.0
1899073.0
5202765.0
11682272
8515070.0
6528097.0
21632707
14589441
13019221
5218172.0
4764120.0
11724478
7177268.0
4244138.0
12197298
3272916.0
7175108.0
5855979.0
12374246
8916495.0
9362452.0
7264767.0
2933239.0
6700348.0
20360279
5446813.0
1819864.0
19622689
5427437.0
10561382
9655494.0
1907450.0
2789099.0
1.487225E+7
14031146
7250267.0
5934230.0
9907176.0
8867726.0
2116679.0
9391792.0
1235350.0
2899964.0
7442944.0
2786349.0
10679692
24612277
11132796
14855637
4224151.0
9605322.0
4051600.0
7723405.0
11492164
2500761.0
5344890.0
7977492.0
4271159.0
10099602
9698915.0
10907747
5924353.0
19293877
4079721.0
11676895
8867409.0
9640184.0
5615995.0
2714975.0
4361001.0
14539866
6544918.0
6074306.0
5894429.0
8856573.0
9844516.0
10662067
20211676
3474998.0
2736259.0
20047582
14126134
6075030.0
11513393
15119485
13923357
14598882
4615228.0
3768305.0
4787181.0
8250162.0
5551345.0
20674187
1591173.0
6493095.0
4097059.0
9437010.0
2488239.0
11408994
7249985.0
6864011.0
6485460.0
5696745.0
8421628.0
3342841.0
4193889.0
5293046.0
3009752.0
14793866
3961973.0
22332769
12522612
3938557.0
2478728.0
14837769
9120921.0
13555149
19702879
8711570.0
8906889.0
6663463.0
12750439
11466225
4982272.0
4189280.0
7154317.0
4391070.0
20569996
4669506.0
13310685
11119253
5091031.0
14039128
2776724.0
13513303
1624926.0
6398578.0
12162168
8987138.0
3034988.0
2556409.0
4972775.0
3650711.0
5070498.0
2614119.0
5293500.0
11216358
7464114.0
2921739.0
1630563.0
2934422.0
2360301.0
12209906
11510008
16008088
19846778
7580346.0
15311835
2454626.0
7801443.0
4752368.0
5006261.0
5317285.0
25498231
11775309
3305074.0
10059004
16304789
3998268.0
1.598363E+7
2034884.0
13785533
2916445.0
2286675.0
3310700.0
6421193.0
9444085.0
9388289.0
14633628
1625402.0
6166243.0
7466941.0
757873.0
9683652.0
1966368.0
14980768
10565577
8635126.0
10416223
5118829.0
1.678361E+7
3562200.0
6119061.0
6960274.0
8032733.0
11313219
14863636
4651551.0
6379143.0
5948513.0
3438340.0
11754828
15847153
6820952.0
10924967
18129661
15504839
11434308
4335784.0
1.829927E+7
3979459.0
3588833.0
2211937.0
6589928.0
2699241.0
5667098.0
4165027.0
29645037
11562639
9617330.0
5491517.0
12487453
2504215.0
2712491.0
1904425.0
5147561.0
14255312
6071267.0
22382665
3512364.0
4037956.0
1891663.0
22905907
4808104.0
14200431
18887856
11627009
3224620.0
15714642
2629364.0
7617662.0
15560213
13465777
6097200.0
7802746.0
3644957.0
3525689.0
4647305.0
15673961
6687301.0
5728927.0
8614792.0
9599830.0
20461968
15802575
3881664.0
8397369.0
10262622
14184954
3677858.0
10278668
4324864.0
11254314
4276211.0
24088024
6153858.0
13806614
19193452
3366756.0
14486076
15766636
11183726
15542934
10928946
4828402.0
2690883.0
3445128.0
12350886
9152263.0
6926489.0
7803534.0
6377925.0
17024544
8983487.0
7124060.0
6049780.0
2717456.0
9729115.0
1.712939E+7
13037379
2939922.0
13856198
9808299.0
14870536
15967102
4030206.0
3705657.0
2284890.0
7015197.0
3933669.0
22138344
7493298.0
6009232.0
25035764
12536018
4522308.0
17270495
13799218
8767194.0
20574833
7258496.0
8181092.0
6763468.0
3366757.0
11578866
5083147.0
2293305.0
2818162.0
7055761.0
2770202.0
10521402
3356636.0
19458549
5090282.0
6931663.0
8925136.0
2399054.0
11691506
8961792.0
11749173
2527849.0
3121913.0
3942724.0
6806648.0
4347392.0
17469001
4224752.0
5728922.0
4163456.0
7095448.0
2650666.0
7723912.0
2136347.0
10733231
12360632
19225711
14122273
4202482.0
1830653.0
15355937
11776641
16581921
5615943.0
2356990.0
5000928.0
18724246
20730676
17578869
18181691
10778852
5815385.0
14968781
7546091.0
3348154.0
10562365
4339801.0
15230519
5827917.0
2396955.0
4481990.0
1506362.0
2938763.0
9091249.0
19982513
19512757
5332016.0
4316166.0
11144058
12915447
3305622.0
14362909
19986258
7559525.0
1184701.0
28001137
1948313.0
2598557.0
17183818
2157975.0
1.926031E+7
23044759
6954137.0
16566273
5508133.0
2902605.0
15967292
5464233.0
9734036.0
4900737.0
3575788.0
3186251.0
5316157.0
4228750.0
5930330.0
23182526
7820876.0
4287784.0
19411317
5801005.0
14174442
19042773
18036222
8399982.0
4940793.0
3346514.0
1792167.0
2062162.0
11470537
8008678.0
6937247.0
2990888.0
6566529.0
8226962.0
16484637
5083332.0
24898513
5213290.0
5317621.0
14293225
22855042
16168398
4799123.0
8204528.0
12363557
3492283.0
2112957.0
2981096.0
5847182.0
7177551.0
11538826
12622396
2810962.0
10218878
18389972
11229429
23435514
6442449.0
6487920.0
3297262.0
6284903.0
10345772
3707572.0
3400307.0
10062084
7807706.0
9451557.0
6676818.0
18572241
11803197
6775813.0
11373824
9138665.0
18436189
16089569
13512703
14122379
12082961
8075581.0
8387588.0
4697483.0
14321517
20257723
4870609.0
5554522.0
7975559.0
2530711.0
16514757
15266248
15412304
3030940.0
8965868.0
14450753
11127109
4420437.0
1637638.0
1894216.0
9217945.0
11787958
1856239.0
3167439.0
4479860.0
4601710.0
12021349
14392318
5642024.0
3356937.0
20178539
9139769.0
5312341.0
1875107.0
10760866
2350639.0
1853173.0
10738387
5937066.0
2992910.0
4955475.0
4148149.0
17909854
4079135.0
1.072921E+7
1726220.0
6682103.0
1.600339E+7
17171504
6737393.0
10360221
4478213.0
11496177
1888574.0
16315772
8135346.0
6119860.0
13304631
12565149
12894466
15179773
24463521
1.204619E+7
7551600.0
7716212.0
11549272
1.18895E+7
7848328.0
2703622.0
1920619.0
6295940.0
20199016
12507683
4133480.0
3196516.0
10426286
6536542.0
10246365
15769817
1863692.0
4729325.0
6736828.0
3985282.0
1.004474E+7
11249294
11282127
9917003.0
5520997.0
4193983.0
5592872.0
991155.0
6300722.0
1726664.0
3678604.0
12452536
1569869.0
9125628.0
5806401.0
6728949.0
3961786.0
6914199.0
12676257
1.086748E+7
11644063
6510474.0
1967169.0
5116336.0
8026057.0
4097600.0
2207114.0
2.335746E+7
3424519.0
4431956.0
24381902
18781853
8762194.0
21295722
1876583.0
13565709
18202362
3602641.0
12528385
2468457.0
10025022
4264271.0
4984141.0
4704194.0
3404318.0
3932241.0
14619891
17658779
6771995.0
15096107
7964983.0
6834841.0
13953484
9589208.0
14340847
11213248
5471593.0
5330837.0
2850351.0
9166017.0
9023873.0
3450882.0
14323842
22290805
5288063.0
17881224
3822691.0
13152527
4824261.0
10900293
8021306.0
7456998.0
8454419.0
1.438395E+7
3233427.0
5898444.0
6171352.0
8657033.0
6217348.0
21105985
7830737.0
4083269.0
12385506
4982840.0
2189453.0
15221238
2363529.0
10813961
8049288.0
3827424.0
5948551.0
3087733.0
7137320.0
4418802.0
9093796.0
22445096
4367436.0
3228262.0
4594954.0
8528834.0
23250208
20985841
6161529.0
7481579.0
8672366.0
5979367.0
6262717.0
14195305
1.376731E+7
17687508
10942092
10312078
15705064
5845229.0
5526121.0
7912714.0
7351173.0
5052493.0
1938513.0
3569669.0
4895868.0
2503309.0
2920603.0
8342297.0
6490660.0
13640981
3075234.0
12497531
10419787
13649134
4624444.0
2573472.0
3083377.0
6479392.0
14691068
16977938
3756942.0
12483355
2847735.0
12988543
2.211173E+7
18323895
1874604.0
8761773.0
13840425
3367942.0
6187237.0
2847968.0
6601265.0
8396834.0
10525461
17124432
6178095.0
3776900.0
3596910.0
12188882
11532829
8205187.0
5220952.0
6712341.0
6365834.0
1.097317E+7
7457854.0
2587183.0
6826906.0
7025013.0
15642225
7197034.0
1633424.0
21212502
8971132.0
12909133
3798656.0
5313832.0
10452687
3777850.0
11989918
3229852.0
6092295.0
6893445.0
9884750.0
1994037.0
4429718.0
1.38776E+7
7997446.0
8451967.0
16936191
16839399
2994373.0
13244179
13710938
4367755.0
14463203
11914975
6389596.0
2048304.0
10091939
8770849.0
1.188307E+7
5895067.0
4226882.0
7516252.0
23346334
6463000.0
8021215.0
9301433.0
13259061
2198827.0
6851813.0
14525668
7002586.0
14401065
6640271.0
6421547.0
5190677.0
9812338.0
7150127.0
8732959.0
2095473.0
9467704.0
27275192
22113368
2154350.0
12761444
4102357.0
16118562
10874535
9760903.0
13733039
14113841
1449802.0
3863557.0
4635042.0
2987104.0
12454641
3244180.0
2327968.0
3649309.0
2741500.0
12088817
6192040.0
2251992.0
5624692.0
5174175.0
4176557.0
17255346
10287152
6299514.0
7968958.0
3918382.0
9585741.0
8778186.0
4880055.0
7987886.0
7042303.0
5554331.0
1686532.0
5749900.0
12725899
10458171
11648087
15738055
3511988.0
9524909.0
9598554.0
3365848.0
11210228
10789891
3842159.0
6291258.0
6088917.0
6020005.0
6980021.0
7687786.0
22649715
9160095.0
13919972
2135657.0
14071412
7761459.0
4355373.0
3253755.0
3032940.0
2423513.0
2265945.0
3617046.0
8442941.0
9842012.0
5618941.0
4639130.0
5574741.0
7397677.0
6434052.0
22571498
6473156.0
3954745.0
2227989.0
7163735.0
13465772
1.440264E+7
11815616
6830689.0
5186913.0
4383367.0
6822415.0
1452432.0
13243897
2.301107E+7
4339913.0
2810360.0
2398565.0
5991542.0
3423333.0
2.129997E+7
2380299.0
6233267.0
4432432.0
7400331.0
4619161.0
2984367.0
2790269.0
3533819.0
7173188.0
2686645.0
5612429.0
20788658
15887617
6669318.0
2357918.0
12212236
7292865.0
3607243.0
5130934.0
4230096.0
11386881
3730149.0
11704646
2594191.0
6447141.0
6806376.0
7327196.0
2214038.0
4775151.0
17178797
3345681.0
11543191
5281022.0
11568184
10362702
10898309
8814822.0
1747424.0
2835974.0
9889118.0
21023258
2828231.0
5755573.0
4789860.0
16170208
11278867
9000674.0
4619501.0
10993987
8020543.0
2562558.0
3502764.0
2918196.0
1664157.0
10688515
7698213.0
8657081.0
6022281.0
2317757.0
9616377.0
8982444.0
11941988
6453927.0
5062325.0
1.414102E+7
15403054
1.652497E+7
17973496
13166817
14589868
6193754.0
10896129
8058614.0
5122123.0
8283345.0
6178050.0
2170705.0
19127841
8138197.0
13707682
4172822.0
17056199
17428839
11422417
14687711
3982621.0
9739570.0
4660535.0
1993837.0
4020476.0
11177773
5019812.0
7639061.0
13770332
3089405.0
2034348.0
6799822.0
5973508.0
6220296.0
14317214
3051971.0
13071096
5069213.0
11144228
11541341
6931026.0
2618294.0
12672552
2327233.0
6755876.0
3986247.0
9922921.0
