5858714.0
13672331
23114631
7195931.0
4373484.0
11414149
2481399.0
5742247.0
2887243.0
2382511.0
2563216.0
1937534.0
14983645
26392922
5823269.0
3781242.0
2.142446E+7
25150321
6973880.0
2793856.0
7712091.0
2303929.0
14159592
3646527.0
7548390.0
4379831.0
2312338.0
1.171362E+7
2761845.0
4769627.0
2609664.0
3773271.0
12846699
20646468
3295992.0
3340737.0
15091583
6306136.0
3183203.0
1614945.0
2807964.0
12294641
19190179
5793703.0
5942416.0
1474215.0
5800046.0
8793008.0
5391889.0
25453585
4422883.0
4884037.0
10759353
11565409
8363354.0
9100502.0
11455715
11489279
17652059
1.230487E+7
11624119
9049984.0
12751416
9958665.0
5217014.0
4953817.0
2710088.0
2982635.0
13428915
7010295.0
5235958.0
5263819.0
5909257.0
11938959
6285408.0
7382124.0
10308465
3020409.0
2822396.0
8051865.0
9887674.0
8632745.0
1562432.0
6931906.0
3400363.0
5718965.0
7783198.0
4898340.0
7532062.0
8532027.0
17091424
13851621
15012286
9300831.0
1.010653E+7
12665363
6923851.0
5129239.0
13321429
8410027.0
