8934849.0
11296928
2730170.0
2850206.0
1615172.0
5546294.0
7766902.0
2976348.0
3096690.0
3563324.0
3545548.0
14681368
5568157.0
6976622.0
14682241
2958024.0
12611506
4482437.0
1103616.0
6687237.0
19286714
1.005422E+7
7581594.0
2542897.0
4737101.0
8557000.0
10512613
3276608.0
4750172.0
2239664.0
5494126.0
8981632.0
2407878.0
17243611
4606483.0
7010912.0
15336123
4423818.0
16062302
2765913.0
13878051
11633671
16361461
4567291.0
11730621
8914076.0
1720164.0
2237734.0
18100936
4304441.0
2256797.0
2526054.0
10116524
19546853
3468747.0
2168082.0
10653512
4957879.0
11509159
6903412.0
7539917.0
2544244.0
8843046.0
12905282
10610433
13520255
14694767
1.622204E+7
7304192.0
7854649.0
9511141.0
6923176.0
16706634
11650141
1206967.0
7657653.0
6826621.0
13152955
24232106
4181304.0
12658053
6635776.0
10000445
11917184
4625598.0
3092089.0
11840605
7032849.0
11017897
19143827
1479287.0
2310745.0
2675571.0
16222946
13525457
16001961
6472763.0
11185667
13401369
14758531
7574708.0
5237137.0
10041121
2359822.0
3537472.0
9794797.0
6567218.0
4293747.0
12224619
8946680.0
8260832.0
6987969.0
9936155.0
8989178.0
16425901
4200770.0
2383543.0
7486037.0
13210496
5742946.0
9135728.0
6743645.0
1879369.0
3549659.0
3979184.0
8049148.0
15951966
1951018.0
5085997.0
9361205.0
9114141.0
6952616.0
8756219.0
3006795.0
3784984.0
6490212.0
3017085.0
1687950.0
5051877.0
9175944.0
17882449
12871657
11007576
8065609.0
5940413.0
13970682
14029115
15516074
14011117
2297403.0
10728441
6227259.0
8497889.0
5098056.0
9916774.0
7807453.0
7405046.0
11448359
3252397.0
4209985.0
7921406.0
11086476
20596619
15762879
14604872
3690650.0
12170431
2784499.0
7680653.0
9138007.0
3374860.0
9956736.0
20324277
21992472
3878962.0
4898842.0
3551441.0
1.46415E+7
2286585.0
2.289942E+7
13988654
11115072
16178125
1.304808E+7
2129868.0
4712093.0
3711341.0
10198959
4699167.0
18563339
2765813.0
5813451.0
15611664
12412426
26948047
3912167.0
7782845.0
3867678.0
21684291
4677238.0
13482925
10364971
8355554.0
13100453
3471680.0
5742684.0
8771221.0
7037624.0
1.321317E+7
18311284
28165916
18878152
13602612
13166528
18397875
10173423
9394373.0
13649663
14734899
6674311.0
7049984.0
3703832.0
9207359.0
5781408.0
16304754
17077925
6206237.0
2218003.0
8791839.0
2249766.0
11926477
7120411.0
8035396.0
1802470.0
3240056.0
9679883.0
10009787
2654972.0
6280946.0
11062463
3437552.0
8787303.0
2151249.0
2.036244E+7
6043422.0
3849378.0
17205731
4910605.0
9568592.0
2202669.0
11227446
13918097
2676060.0
3393057.0
12993618
9287914.0
4268764.0
28530205
7702934.0
3502594.0
5234212.0
9248555.0
27759699
28373624
1891282.0
1703529.0
3220352.0
15028963
8414613.0
4241542.0
3847428.0
4125932.0
5718036.0
13121463
2352443.0
8400124.0
18450366
7841279.0
18282592
2549983.0
18425872
3687874.0
1.571562E+7
13570988
9820193.0
3569038.0
13275373
5392307.0
2518941.0
6786900.0
6952660.0
3590905.0
11717015
2319081.0
4056617.0
20461762
6837678.0
10718814
7306728.0
19477577
11239187
3867821.0
1631940.0
12269027
5249178.0
1460767.0
3116515.0
4921980.0
8287938.0
12952823
20419026
16605205
2046440.0
6754969.0
1.9148E+7
11633759
10837478
3430350.0
6549254.0
4688893.0
5890426.0
18881533
14188198
1.746546E+7
5997818.0
9158913.0
4285682.0
6269687.0
2337093.0
1.401305E+7
2269857.0
8123139.0
18268056
6138530.0
4371606.0
11007453
13627528
12762424
8304715.0
3044202.0
5285393.0
3635549.0
2751422.0
4957632.0
4809454.0
10459489
10316979
2342150.0
17203607
12672416
9102552.0
3642376.0
1.366526E+7
9252627.0
12948101
11778153
2568618.0
5959478.0
4512629.0
8063179.0
8862249.0
5656560.0
1689792.0
6391349.0
23187476
3512533.0
3813491.0
13765461
12509884
1.594448E+7
11410363
9887232.0
4569024.0
7944283.0
8304786.0
10622683
3166150.0
2531958.0
5581970.0
8661085.0
2631146.0
11673679
18029069
7707996.0
3826493.0
3464004.0
3149362.0
3306545.0
16098115
8380558.0
6324412.0
19189888
6109421.0
3372024.0
3120652.0
9371309.0
21970381
3423194.0
2064497.0
3004763.0
5219118.0
17649654
8428614.0
22051521
7622376.0
14588727
4022137.0
13394634
5174188.0
7014211.0
9531813.0
1340756.0
15467711
1991313.0
5155852.0
16855277
5634955.0
10119289
19793869
12472004
8255213.0
1.002014E+7
6791153.0
6652246.0
11976749
7182145.0
9345201.0
12857276
3565117.0
1966384.0
7374194.0
4388219.0
11566303
9969375.0
14152232
15917289
9996231.0
12019342
7509625.0
12613053
2615503.0
7374648.0
13037727
2078820.0
6502568.0
7303183.0
7463067.0
9506950.0
10098662
7380527.0
10965149
5771379.0
9148826.0
3095955.0
1234085.0
22163309
10994844
10545861
3734922.0
2181049.0
2474999.0
4441563.0
7376014.0
8617230.0
1894982.0
6967240.0
4641034.0
5883319.0
20910225
17144174
4630268.0
13271823
13440779
1590184.0
9468972.0
15472182
7453853.0
11109258
4537332.0
13753379
8069115.0
8488135.0
14239586
3713818.0
4800553.0
22613842
9592474.0
11657199
19062411
5378669.0
12353112
3766151.0
10794918
10771871
4797938.0
9087560.0
13590514
5617538.0
3738399.0
6835585.0
19064424
12115463
9221573.0
1502557.0
7477183.0
7908340.0
24481904
3023704.0
10358704
2256752.0
3619444.0
14608013
10529466
7049944.0
10167731
9651034.0
1902084.0
5851658.0
2753103.0
2810299.0
4508435.0
15019616
17834523
2624768.0
12625383
13685198
12545534
11224647
3915813.0
3170956.0
1.49328E+7
3057274.0
1622989.0
4841825.0
8573388.0
4432187.0
12483641
7783982.0
1.363768E+7
18468629
19643472
12640503
13143125
3058668.0
5322436.0
9957348.0
15879823
12022054
8166081.0
2949194.0
9228182.0
3150471.0
10466718
5726955.0
3890666.0
3363620.0
8976911.0
18720628
13454977
17342002
7837132.0
1693895.0
20571116
2299882.0
4190492.0
3783156.0
2235034.0
9052306.0
11157442
3792556.0
3205060.0
25894644
5699487.0
17623143
20807653
19485296
27822306
9174860.0
12164917
3943571.0
15048379
2337830.0
10542276
9143824.0
7076829.0
2009583.0
8944920.0
7728873.0
6980476.0
2961003.0
7047775.0
3438775.0
16381828
4974244.0
6222416.0
4519677.0
13411756
6702695.0
2460730.0
14184116
2157227.0
2947411.0
3190161.0
7521764.0
5578370.0
3028633.0
14294972
5810533.0
19875254
12936988
1942505.0
11504617
3732177.0
2808974.0
16257029
10773234
2972119.0
13974933
3578789.0
11517332
2596080.0
4261946.0
6115479.0
1884232.0
17488148
3293462.0
1.950092E+7
7293155.0
7966007.0
2967922.0
13559498
19913295
2681713.0
5805534.0
5965453.0
4376933.0
2671726.0
5546591.0
6169776.0
4625650.0
9598307.0
4442514.0
3313612.0
1495446.0
14230998
10295285
5375371.0
1.201606E+7
14582276
13462486
5282043.0
13781742
8156392.0
3519820.0
10561023
1988870.0
6492803.0
18851418
4387707.0
2023251.0
4463860.0
6326555.0
12713145
3315286.0
12301702
4480011.0
1.413945E+7
6650944.0
10087038
8184965.0
3442123.0
5718361.0
1753496.0
2279151.0
9810466.0
8363651.0
15465425
1.869241E+7
21149341
1.622682E+7
11790317
12109685
19124764
16145473
7658842.0
9659499.0
4445129.0
18297335
4474678.0
22234077
3039369.0
2958530.0
5102081.0
11150694
23931778
19018248
18371064
12240298
16507915
4566624.0
6645661.0
2934525.0
1.014018E+7
11388589
6185263.0
21420105
1992083.0
2994378.0
2094666.0
27202316
19171894
19298072
16174048
3543636.0
6631602.0
13231877
13179424
9654269.0
1953177.0
8481437.0
5464230.0
20420245
2344159.0
4446983.0
15690926
21592595
1.547879E+7
21573307
13963867
7630936.0
6368522.0
7108099.0
7225994.0
5536651.0
12421771
3884802.0
2951457.0
3661959.0
2485984.0
3714150.0
9563205.0
3897567.0
6882336.0
11739404
12629121
17678653
8191205.0
16290099
13148935
6417512.0
2144023.0
2054673.0
4593203.0
6410462.0
9339805.0
8523582.0
2751112.0
11746152
23185402
11819508
2941957.0
6795761.0
19233008
8899472.0
10559436
2121865.0
5964216.0
3049685.0
2629010.0
3381225.0
11932042
2522151.0
5332636.0
7248786.0
4100346.0
6563494.0
15409846
5312091.0
25082742
17800459
6970491.0
9710151.0
1.477249E+7
9233465.0
2361317.0
3819254.0
9296604.0
8012263.0
2610364.0
10296437
6716913.0
26869862
16161347
11326142
17824044
2315382.0
13240165
6592130.0
7028794.0
14552029
4770021.0
3591537.0
13907966
8996213.0
6446693.0
4566929.0
3729884.0
8000782.0
15041933
16781809
26354394
2835390.0
15972233
11971177
6078404.0
9760368.0
5269412.0
4758237.0
2868895.0
10937033
2024750.0
7300372.0
8034764.0
6706062.0
8494193.0
11778637
2.479991E+7
1.159772E+7
5461313.0
1.422015E+7
3914870.0
8181355.0
7000820.0
9304343.0
19525288
3715003.0
12922098
14076759
9499542.0
7730033.0
3333828.0
3789710.0
15308403
7799110.0
26960856
13127325
4193384.0
7356997.0
5533817.0
3260629.0
9951794.0
15731347
3785962.0
4579896.0
16348152
16166592
7736139.0
2913098.0
1.029766E+7
3247903.0
22992333
9869275.0
3382003.0
3001183.0
19834789
4619718.0
14582151
13361164
10654289
2313389.0
2829026.0
10640237
6362412.0
4222889.0
5065906.0
2401599.0
3836510.0
2065094.0
6627687.0
6093782.0
1.059507E+7
19341073
6224473.0
15623143
5756666.0
10571845
8725758.0
9161850.0
7324366.0
10089689
7255228.0
1240776.0
2894808.0
27426198
5683342.0
2042020.0
14504165
12507628
27081459
17087268
2938194.0
16459164
6814071.0
6800236.0
2446631.0
11578058
12563599
3423402.0
5572342.0
5007700.0
2033192.0
8218590.0
7351593.0
1.796665E+7
5664131.0
15368385
3099624.0
5642397.0
2648257.0
20097718
1874921.0
11458133
2689428.0
13094096
3598986.0
3277576.0
7330833.0
3779616.0
10372481
18855091
5906592.0
1301808.0
14726125
9745935.0
2394099.0
2966992.0
6992384.0
3371808.0
22061258
19251089
2045763.0
8100599.0
11994724
6548953.0
1.17183E+7
9009182.0
4193255.0
16468276
11645418
4709052.0
14189812
3912055.0
3400214.0
3134167.0
12132978
14821584
8927192.0
5778368.0
3752205.0
5399935.0
1791181.0
2250957.0
13534202
12409019
2136584.0
5974456.0
4332208.0
4872789.0
23864443
22151998
3787088.0
4232727.0
1.502562E+7
2958262.0
3993982.0
7085714.0
4971916.0
11132128
9725724.0
8262136.0
5648146.0
6921422.0
5621769.0
11141984
6823835.0
5491753.0
2051723.0
1.754416E+7
12481386
4743181.0
6290695.0
10233127
6618337.0
7196885.0
13654824
11232043
8316366.0
7650209.0
13167926
8509883.0
5492738.0
6935498.0
8393666.0
5732633.0
12088525
16876635
16635546
3164782.0
3477093.0
4667260.0
10273028
6459307.0
6418393.0
3951425.0
6888163.0
3267574.0
22658365
1.640704E+7
2430279.0
1.151585E+7
10136851
1430301.0
21407149
15282577
11137855
6108823.0
16242546
10286069
12280651
11968155
5570597.0
1500243.0
5870848.0
2486978.0
2960854.0
4708114.0
5786319.0
15314985
2659181.0
5344951.0
2336398.0
11183772
1.434188E+7
5548512.0
4147614.0
3474510.0
6930549.0
7532190.0
20605702
3090647.0
5371285.0
2003839.0
16008088
7952249.0
7031915.0
7440474.0
10950884
7873160.0
5865002.0
3576677.0
10699428
2101929.0
6774258.0
8777110.0
4323272.0
7282573.0
5566033.0
8665098.0
21989429
3722786.0
4102981.0
2793735.0
19572593
3830195.0
3046476.0
10698404
3369215.0
7712250.0
7230898.0
9760815.0
2092269.0
4834658.0
3620770.0
6462373.0
3292094.0
22593476
30553413
19966428
22791807
2.417008E+7
2565037.0
3955343.0
1.196332E+7
1.383191E+7
3250993.0
9453120.0
4656874.0
9986809.0
4526215.0
6735038.0
3582268.0
2306522.0
9205117.0
4639858.0
3861951.0
7607323.0
1037767.0
4089797.0
9469243.0
9824124.0
15403312
3035557.0
15958411
3080333.0
2276017.0
14675507
10174919
4408710.0
12354627
8122599.0
4303396.0
1566830.0
5050843.0
5406008.0
4134558.0
3875375.0
12723709
23218623
14748032
8501744.0
3131818.0
4185925.0
2121142.0
11909298
8893815.0
13007475
2515576.0
21512696
5267673.0
8476087.0
2722045.0
15247743
7328786.0
13597327
9541762.0
3644310.0
12437531
8702277.0
5294217.0
5954938.0
2192927.0
3133574.0
1919570.0
6858991.0
9338984.0
6097004.0
19365413
3397677.0
8450895.0
23128032
17584043
16888026
22408977
10452217
2491376.0
1675346.0
3335289.0
7669549.0
1807754.0
2620341.0
6891537.0
1910136.0
23187052
17009223
2685631.0
9066338.0
3943974.0
8699409.0
8861941.0
5906602.0
7917395.0
5648115.0
5213269.0
5368184.0
7723564.0
3222023.0
12179457
5093798.0
4000186.0
17164795
10771921
7936864.0
3560914.0
3464816.0
17853544
5027906.0
13152142
10993669
20262248
12219497
8393975.0
6879491.0
2433978.0
10149265
10161753
6386341.0
8054327.0
2828726.0
4883140.0
3599349.0
12630714
2111912.0
6060405.0
2428301.0
5118523.0
19189228
5719929.0
7058887.0
9966443.0
2197812.0
7642726.0
7980572.0
3397162.0
4492478.0
21677551
21780295
9639467.0
3151174.0
12890034
12781567
13393624
21020245
2125843.0
6469262.0
1797920.0
1.428983E+7
2801582.0
3211585.0
12724319
5599374.0
17007955
18880199
3573604.0
10942661
8244675.0
2141607.0
3070575.0
3936501.0
3852909.0
8408499.0
21016203
15644771
6981783.0
2164159.0
6863625.0
5999500.0
3795532.0
2862686.0
5366290.0
3944115.0
10641073
19661894
26829672
5172228.0
8689273.0
1.230449E+7
4792917.0
2182038.0
7167955.0
3575777.0
4019004.0
5278742.0
2615854.0
16823127
4465015.0
2751189.0
2162389.0
2259503.0
3790469.0
8842010.0
14667696
5703924.0
7396997.0
8362062.0
7864556.0
11720302
4748590.0
5138340.0
9414685.0
6244386.0
6441409.0
4811629.0
19866091
19777632
2286215.0
10102163
1.487422E+7
12323438
12234753
12284848
9119046.0
8205789.0
5928398.0
4567415.0
4269855.0
5159050.0
2583488.0
5686629.0
23712171
3089332.0
7556849.0
2483144.0
4744592.0
5192645.0
2.183232E+7
22560906
15396624
6296854.0
15582922
11291102
3102746.0
3382691.0
2320517.0
1.26763E+7
8065039.0
17855925
10460996
7854556.0
6345615.0
2713300.0
16318803
12885035
12236524
7237125.0
9730731.0
8083930.0
6440137.0
7184347.0
9177425.0
3057812.0
2495253.0
21104205
4367346.0
8780103.0
6146003.0
3924926.0
7452231.0
4816461.0
10189611
4058867.0
7787471.0
7807290.0
10476974
4883079.0
4822781.0
10345054
16626102
8053885.0
2874508.0
8952589.0
2084564.0
3332126.0
6743923.0
9845006.0
23293626
4798628.0
19529381
26173827
17004847
9024918.0
1.461076E+7
2869910.0
1433764.0
13149959
11076231
10475954
9177963.0
12257994
7921519.0
9282959.0
2594689.0
20058897
6028022.0
4634865.0
18177261
1.259162E+7
1.071322E+7
21045085
10605137
9890236.0
20046496
6908570.0
2725673.0
6134027.0
11562559
7276946.0
12003276
10538462
1979988.0
3264865.0
6907759.0
10172814
3688243.0
10674127
1598024.0
10612485
13030917
9614755.0
10375637
6512973.0
2414848.0
5298665.0
4331070.0
8908698.0
6346147.0
3865630.0
2028115.0
20980357
5634657.0
13564675
1.706641E+7
14529755
21665352
9533795.0
9222938.0
9633666.0
12355194
4486043.0
10100124
20704875
3542665.0
2097213.0
9503232.0
12890064
15114797
14033808
3859169.0
12379353
9331424.0
9762851.0
7410403.0
3767033.0
15755498
7026429.0
7299498.0
2441010.0
6285930.0
3012999.0
13602202
25281455
2736457.0
19960514
16993482
18709537
8543756.0
9171101.0
6427363.0
8491979.0
13547761
9051985.0
5331224.0
3811335.0
3320281.0
6589554.0
25744762
14137233
4570095.0
11126908
6632149.0
14674149
13489843
2136875.0
15188211
17584761
8690384.0
12266599
6301722.0
5179271.0
21522314
16485976
1380117.0
1856857.0
8219589.0
6571096.0
3739453.0
9713537.0
7266240.0
3465249.0
19032983
3620832.0
8096067.0
1833378.0
5176814.0
14909977
4535719.0
1.773094E+7
6677067.0
4153306.0
12528074
9730001.0
4578796.0
15840391
9754993.0
4724344.0
18861185
1.662929E+7
6965814.0
3357177.0
10411644
13134081
6973369.0
16387603
3903124.0
4186135.0
12876838
5873706.0
5751547.0
5216861.0
11985858
3432191.0
5911490.0
14463908
14064868
20470429
3936723.0
11399632
15725573
4713518.0
8612806.0
1849779.0
4271765.0
15117869
2595209.0
5401973.0
1886478.0
7393233.0
9219609.0
7123186.0
8396758.0
3177856.0
2.155708E+7
14499996
1.340888E+7
9770035.0
6979624.0
5354930.0
11978219
2247460.0
1815926.0
9722750.0
4104469.0
2008096.0
11994025
23465359
7246444.0
26750112
1.8956E+7
20228331
8155189.0
18640273
6085913.0
8897159.0
10468859
9738591.0
4811423.0
4424371.0
5329732.0
10194711
6508143.0
7949654.0
3314243.0
2167912.0
2217120.0
13311278
3602840.0
10122458
15188104
17432212
8100766.0
2508049.0
5150126.0
5554602.0
12243992
13572905
15374154
13714679
1903316.0
2855490.0
2586851.0
9995025.0
10155904
3742379.0
4872141.0
2233459.0
15845073
3803414.0
9636663.0
3441937.0
3679691.0
3671635.0
11911799
7197533.0
7560015.0
18120802
3278097.0
2595314.0
9247459.0
4182935.0
4474785.0
2763409.0
4042392.0
4845290.0
12930154
10849458
7573692.0
8130004.0
5229382.0
3309749.0
5593186.0
4681589.0
1514188.0
6881657.0
4382254.0
11998417
3988042.0
10495659
9761942.0
21635408
7507881.0
3599582.0
25533315
15850581
16599492
8707229.0
11779277
14394394
2418652.0
8659680.0
8094215.0
10414212
3252345.0
3282988.0
5040742.0
1161377.0
1.784953E+7
5775983.0
21326467
20441184
13575855
1.051604E+7
9483135.0
17334131
6269373.0
7053214.0
8640452.0
1216492.0
22757588
1.751942E+7
10671492
3437102.0
16956135
11917639
2545273.0
9724865.0
1737658.0
1991859.0
20550703
3579351.0
8479944.0
5474007.0
8587049.0
3226846.0
4953051.0
3385175.0
5160760.0
8021984.0
21024591
8454940.0
3732791.0
16700191
6905547.0
10175947
14362951
14101509
1840482.0
10947856
11361749
2505030.0
4371600.0
6485770.0
1644692.0
5969188.0
1546847.0
11237556
21146303
7895546.0
6662275.0
1.253119E+7
20304517
1.909023E+7
6953091.0
6535944.0
11019386
6566960.0
3299367.0
6889272.0
14232668
3176958.0
18797354
9330084.0
2146738.0
2719978.0
6435908.0
3027861.0
2.085811E+7
11445597
4904474.0
11241064
4436627.0
13638521
8903842.0
4475916.0
3286774.0
1428620.0
10788951
13840445
2672639.0
24872034
16033748
5920288.0
21405985
12722133
7421570.0
4024703.0
7652166.0
16897332
7616692.0
10009768
6499641.0
5398920.0
4080198.0
2166953.0
13170264
1832569.0
5195357.0
25516985
13696555
18111838
1.951203E+7
12866947
2031126.0
17297072
3635507.0
3781080.0
2383681.0
2284887.0
6843977.0
3447266.0
1688332.0
6404689.0
22500841
11424872
2827312.0
1965152.0
3561048.0
7986924.0
13720627
21834783
9006554.0
2121508.0
10311918
14454072
7893843.0
6036981.0
11226925
3306435.0
20017584
16201891
2215564.0
18943038
13972192
5801748.0
6388865.0
13895161
3338429.0
1517165.0
16979418
10956507
6609884.0
4193372.0
8905225.0
1992219.0
4523063.0
1875713.0
6866198.0
4645384.0
3715054.0
20888511
9346006.0
5979820.0
1.094501E+7
11354058
12356984
4339011.0
3362588.0
9376388.0
15185726
11782983
15124072
13857647
4827503.0
2985561.0
14732247
24900138
2153375.0
14269566
1868460.0
8579328.0
15608428
15694671
8624276.0
1448796.0
14677603
7550577.0
8527682.0
5729481.0
7694113.0
4939976.0
2426090.0
3366819.0
13939358
24883523
3133569.0
7737051.0
6366131.0
2782152.0
7781469.0
2940561.0
5911499.0
9192366.0
2190359.0
8195389.0
11409118
2154746.0
20576863
14258754
16409702
2585968.0
13111724
6759057.0
15813205
12424124
11376645
1949060.0
4574335.0
1832878.0
2307031.0
9114476.0
15684673
2485435.0
4930967.0
5366588.0
7003190.0
10410248
2541388.0
3885695.0
5590347.0
5837824.0
9257767.0
9303432.0
22546414
20041617
15265547
5217686.0
14532438
3966314.0
8933205.0
7461948.0
8546276.0
6768323.0
11231997
3812184.0
6959814.0
5410359.0
2.455413E+7
7320399.0
12169103
9075737.0
17304076
11663327
15655763
5368300.0
6575157.0
1675897.0
1639293.0
5104069.0
4847106.0
2319623.0
4335074.0
3510677.0
18115577
15817051
8467526.0
22171095
13540931
5786052.0
11971656
8644695.0
3563879.0
2143763.0
10413247
4158153.0
4979752.0
2976240.0
4529677.0
9197792.0
18964009
11001111
17792218
14390506
4156012.0
8709356.0
8505803.0
15652217
15900846
1883561.0
3857811.0
7661817.0
1936482.0
11352349
7729758.0
3480999.0
4755591.0
2.009251E+7
2801395.0
3126392.0
12092082
5039185.0
5632187.0
2444988.0
11346304
6330318.0
2899233.0
12913577
6021732.0
6820267.0
3946094.0
6291981.0
3097214.0
15314453
3809188.0
2.257546E+7
20392323
4601121.0
6254290.0
2158344.0
2829012.0
8070798.0
2205226.0
14229501
5173558.0
9838284.0
9125436.0
3006344.0
2375500.0
11398945
2811242.0
6537266.0
10944375
7504609.0
6031792.0
21213691
6001406.0
4190672.0
6982037.0
16228154
12257597
5157402.0
5615889.0
5372230.0
3088904.0
1998141.0
5564823.0
6827631.0
8663835.0
1953588.0
9329074.0
9488058.0
10904506
2208313.0
5121681.0
4916673.0
10558179
6409976.0
9372821.0
8447999.0
1.025789E+7
6818875.0
7130429.0
12934022
7392492.0
5223346.0
5500565.0
5660857.0
8850999.0
17181484
13098757
16033783
1.400918E+7
5808658.0
1876682.0
9971602.0
6988077.0
8255977.0
3899962.0
16214348
1.154267E+7
9653598.0
16220731
7609587.0
7073073.0
19353683
4506633.0
6421628.0
11016311
3332108.0
6091240.0
2462951.0
8526739.0
2485059.0
10515618
14719187
6048438.0
2423675.0
6066859.0
7723265.0
23630102
7017719.0
3145120.0
7173976.0
4228188.0
3663604.0
2.018062E+7
7956684.0
1517878.0
15933736
11859022
2588691.0
11987666
1.027536E+7
5433215.0
12368074
5004934.0
3569771.0
5394453.0
9702868.0
6947664.0
12448632
20814467
8196097.0
2233717.0
8323668.0
15665744
14110684
8602344.0
3129593.0
1.213693E+7
4531385.0
4123359.0
11355102
4918931.0
5486248.0
3629872.0
16104079
6747477.0
8194635.0
3458691.0
16155883
6332760.0
11490281
8736589.0
10339792
1800603.0
7339409.0
1840341.0
8385488.0
11037899
7586334.0
11430107
21365543
5916120.0
1.424414E+7
2586832.0
18603627
11342813
18105411
10520781
8760221.0
2897512.0
12364845
8950869.0
6013556.0
4006768.0
2250201.0
26851485
10904225
4777390.0
8890197.0
2169640.0
8551118.0
7223600.0
18462544
17753997
3284571.0
1.448774E+7
3725684.0
8700874.0
12370043
25125024
10432127
3595254.0
4951985.0
6174339.0
4262301.0
8996491.0
2853253.0
3506339.0
6445122.0
12274847
8331577.0
4127467.0
9999864.0
3908620.0
12694183
17486865
9125595.0
4124750.0
11261842
9046573.0
1966665.0
3283811.0
16508862
2573074.0
1586438.0
18939106
6979312.0
1987715.0
23001563
9003473.0
14200971
7881644.0
14284444
4291767.0
1.118083E+7
8505653.0
3321941.0
4802252.0
2719671.0
8043198.0
1699075.0
10642352
14606181
9113792.0
1.346643E+7
5971852.0
11506683
15784453
14698331
1865317.0
11720379
7500382.0
3116101.0
4640311.0
5082890.0
5532354.0
11530395
13074126
10196492
1841188.0
7120786.0
16186549
14715401
6161561.0
16848451
1797207.0
15064771
10283289
16321024
2336726.0
9748624.0
9719818.0
1568253.0
22553909
10182553
3086585.0
4590973.0
8438974.0
7241843.0
3694165.0
11035288
2034862.0
2817778.0
7179584.0
3444824.0
3797406.0
6388090.0
12992478
10934482
7132533.0
2091512.0
7404985.0
2122424.0
8030728.0
1.413241E+7
3658982.0
1.781474E+7
13016895
3453917.0
3661210.0
4086150.0
8037087.0
3901614.0
13823717
7674373.0
1032610.0
20293886
3560330.0
4801958.0
5226811.0
3377615.0
15055876
17807552
2585250.0
11763165
1.051844E+7
10015695
2591730.0
5974608.0
2090239.0
2900309.0
5743368.0
8930591.0
2553900.0
14514295
4200052.0
9755504.0
9081692.0
6552132.0
3925698.0
16714543
4541379.0
16980124
3822992.0
7042239.0
5775142.0
3237229.0
8973910.0
8946153.0
1.428379E+7
8508197.0
3605167.0
11955644
5659594.0
4371205.0
8490634.0
4220897.0
20597117
14000508
3495276.0
3452275.0
2653634.0
8173627.0
10772652
2500905.0
1880546.0
1990973.0
2288241.0
6121331.0
9690672.0
5790476.0
2778274.0
12347581
1.816764E+7
7061413.0
15044705
1.362577E+7
8153883.0
12425615
6868155.0
6666361.0
9529499.0
13102301
4208532.0
3804249.0
7882107.0
3967805.0
14973744
10407559
15598875
4415734.0
12425716
13106219
6269896.0
8716996.0
7002029.0
4254499.0
8854759.0
6255639.0
5668675.0
3103262.0
8418287.0
2419060.0
23457859
14615423
5370494.0
2835720.0
17064549
21667095
3079764.0
5891649.0
8005659.0
8819007.0
13436417
3511938.0
2478140.0
4663678.0
6788920.0
10163415
8304903.0
2771318.0
3109479.0
3450767.0
13588985
17617384
8269942.0
18989442
7757638.0
9830368.0
1.546101E+7
17094974
9198170.0
7453612.0
6297673.0
11322759
5949924.0
2992838.0
10677864
7090019.0
5575790.0
1990890.0
4633528.0
5707663.0
10476704
1.35947E+7
2793152.0
10534939
3124896.0
8275409.0
9157243.0
9940161.0
2383696.0
2.154226E+7
3177151.0
3375090.0
24265732
5439034.0
19139614
5720543.0
14431844
2949716.0
3554808.0
25285693
19395177
15039244
14292578
4672479.0
4865397.0
9258593.0
12332774
4540145.0
7643596.0
3677185.0
4943272.0
6763317.0
1.109759E+7
18190812
27276184
22453402
9098262.0
6350037.0
2922078.0
9904095.0
1.418326E+7
12111053
1.776314E+7
7366742.0
3635039.0
3394651.0
11544284
4499603.0
19765353
13619144
3829160.0
4786246.0
9647830.0
12756726
4726516.0
7503836.0
15565734
16076681
3273910.0
17067321
3104532.0
2298097.0
12247369
9277594.0
13964014
15063516
2398914.0
6113240.0
12427383
9410443.0
3092309.0
9185661.0
6615840.0
3194728.0
6645835.0
11276004
1.026691E+7
2695372.0
4761900.0
8913598.0
2308445.0
2072224.0
8210069.0
4071578.0
4815104.0
7338766.0
3909907.0
14302072
4381666.0
2679835.0
5551070.0
11097157
4157292.0
9706631.0
11476586
10582681
3180605.0
22076582
9774080.0
5749665.0
14062895
17264274
13328032
20026134
6851247.0
9630790.0
22022711
8744164.0
3287348.0
6255098.0
11833227
7766565.0
3804545.0
4754961.0
6123874.0
3729318.0
20988134
2.171674E+7
1577141.0
17818572
11555867
12089443
5279950.0
12840113
13926173
4565167.0
1.249447E+7
6346520.0
2214446.0
7703294.0
4790519.0
1.058914E+7
13491462
4287801.0
3636385.0
26308083
13420278
15602774
7176376.0
3179915.0
9885809.0
13553536
5436657.0
13584912
3666270.0
6688436.0
15218383
2811703.0
6032769.0
10348802
8780718.0
11775043
7357411.0
3485217.0
3062978.0
2642034.0
5292644.0
8183976.0
2198000.0
2106916.0
15793166
2785669.0
17952032
3124337.0
7663166.0
6556647.0
3513915.0
3583734.0
4417275.0
17410173
2135229.0
4529602.0
19172562
5252457.0
4669070.0
4087219.0
5735404.0
20629147
6592410.0
11855067
1997973.0
2024550.0
10471073
5562587.0
7389159.0
2013042.0
9257978.0
7779757.0
11701161
15815437
6344200.0
22211543
10039116
5235151.0
2315873.0
9682105.0
11005082
2418911.0
6396934.0
11135454
7290721.0
5962191.0
6490320.0
2637433.0
2164826.0
2184828.0
2394366.0
17143806
18446346
2582770.0
18845549
16154113
2955641.0
5442015.0
21157341
8778724.0
7931746.0
4472697.0
2149125.0
2919987.0
1771650.0
12617478
7577323.0
6863431.0
11063421
1.134205E+7
7464574.0
11979377
2912724.0
9184963.0
14890056
14691373
2370675.0
8098334.0
2132770.0
3157877.0
1.990529E+7
22321983
6563816.0
4204591.0
11634044
13946019
20533069
17352198
2069860.0
6337275.0
17473158
17680384
11849183
7530867.0
12070809
7239674.0
11205603
3971734.0
3996023.0
7065599.0
19092879
15686407
13785248
18942894
6389068.0
1.152367E+7
3992144.0
10325923
4286200.0
10064983
3393465.0
5822009.0
5952124.0
1692440.0
3134583.0
6457988.0
7134026.0
1483192.0
5574791.0
9938179.0
1.435394E+7
12773079
3997107.0
2739974.0
10701716
6684200.0
6428125.0
2441577.0
1792550.0
13068987
2767795.0
13965915
6590625.0
1784618.0
8904048.0
3038988.0
8120426.0
5419451.0
3821834.0
14452695
17129838
7726438.0
2858668.0
6150933.0
8032038.0
9338911.0
11924545
9081443.0
4196877.0
5939803.0
5376218.0
5272641.0
9636504.0
1.7934E+7
6373043.0
3359292.0
3938602.0
4345202.0
18620578
9125765.0
5241770.0
14858783
2346656.0
8130425.0
1486701.0
3052440.0
7801549.0
6253115.0
5223441.0
3961268.0
4928832.0
1876413.0
2.466874E+7
11551264
1.954724E+7
7636710.0
10710708
10726284
10036124
11615016
5024308.0
4416075.0
11819198
10569767
9959259.0
3586737.0
11141802
6418999.0
24262064
16053864
3252570.0
7970356.0
1.816909E+7
2298400.0
12921458
1832402.0
2302013.0
9499378.0
14942106
9335231.0
2296888.0
4397586.0
8185602.0
7571902.0
10540155
23178508
10984452
7957945.0
4707471.0
10301753
19984615
2.16809E+7
10653835
1.199811E+7
10818867
3227281.0
2144151.0
9023698.0
4725527.0
8732622.0
12319303
7185307.0
5959010.0
2696267.0
1.505079E+7
11949925
14962756
19120659
10329672
2784278.0
18894844
4384758.0
8502923.0
7201015.0
8583385.0
10231757
27732176
9901141.0
7495531.0
4102080.0
9395013.0
1.343944E+7
12279522
19703162
13329271
5952385.0
7765106.0
8781075.0
2177824.0
6498455.0
1632600.0
6719951.0
13611735
19478696
3184955.0
3762415.0
2302771.0
15282181
4363773.0
4973393.0
1722942.0
8359514.0
2322730.0
11510836
3659444.0
2881858.0
13170622
2479245.0
17925222
3878771.0
5510478.0
18995427
11349937
6616795.0
9925372.0
12984368
1.967772E+7
8642220.0
4335846.0
16755566
11345191
2271829.0
9100573.0
5090213.0
2157017.0
3279571.0
1421709.0
9425224.0
16457877
10021191
14541962
1810049.0
20101128
2856192.0
6271257.0
11860517
4293583.0
6140907.0
9737737.0
8947102.0
3528120.0
3391974.0
7352211.0
5264959.0
8986029.0
5675426.0
1.387345E+7
2369154.0
8350818.0
16185831
14093886
22138134
13710781
4166909.0
4184277.0
6519285.0
4236263.0
3459679.0
8145666.0
4028706.0
12523712
10350403
1819481.0
11782915
5191630.0
10082129
3715943.0
11954985
10347178
8096211.0
10850425
10227109
3802658.0
3041155.0
1590880.0
6727026.0
15924964
7402641.0
7312559.0
21567945
6685059.0
4609227.0
2330340.0
17687557
15929007
15963544
14988878
8639290.0
1569424.0
9052361.0
7347811.0
6754261.0
10328736
12371612
7132298.0
7444443.0
11798229
17015336
5759549.0
2839942.0
5897812.0
9121869.0
5557227.0
3953560.0
10566869
1840213.0
2635793.0
16154509
6820060.0
14932041
2932852.0
2578547.0
1503879.0
5427916.0
6310714.0
5258665.0
17873196
14587338
2084959.0
11843577
1.12663E+7
3154891.0
8919730.0
7708067.0
5925163.0
5501241.0
16086816
3399949.0
8887652.0
8244673.0
2239025.0
7021964.0
2435991.0
9750748.0
7051053.0
18425654
5144111.0
8828977.0
4719407.0
7718910.0
3583084.0
1654813.0
1861185.0
2297371.0
8090580.0
5888206.0
7391278.0
5109820.0
3342843.0
3375980.0
1368943.0
6198232.0
6904758.0
2363364.0
2410874.0
9947779.0
3878569.0
6244313.0
8981119.0
10644605
1438740.0
1686642.0
1454835.0
4753786.0
6845211.0
17707969
6424012.0
5483064.0
3737823.0
7269267.0
4468731.0
7513158.0
13847917
8675305.0
13199044
16384946
11328564
11261828
6582990.0
7399434.0
4199559.0
14640336
7358879.0
1897111.0
18671388
10740596
4743132.0
17172745
4396594.0
4623294.0
10954691
8546588.0
7468650.0
9917186.0
13263936
10605682
17217122
17695771
11463947
4169731.0
1891140.0
21454848
14620495
23878643
15535098
13790695
6621888.0
8046791.0
8004622.0
3051600.0
5817874.0
5007179.0
3207404.0
2562587.0
2284583.0
9349860.0
6920474.0
21618805
3161492.0
2666872.0
16848165
7859128.0
7295077.0
7130935.0
7106808.0
9534938.0
10202729
4283021.0
4899908.0
22760953
6762976.0
1688362.0
9989960.0
1.180123E+7
9673703.0
3924669.0
2682142.0
6873916.0
8360218.0
9047799.0
17958556
21928706
17226281
16635937
12806386
6283154.0
7453323.0
10995712
1787100.0
2435578.0
3340320.0
10278785
3123278.0
9912175.0
1582697.0
3908294.0
15178009
1.512382E+7
4724786.0
1770247.0
6810035.0
13369529
12248906
12298591
9754726.0
4503835.0
1459049.0
6501402.0
12562803
12862895
6323909.0
4557375.0
13468939
7362561.0
6676141.0
19422136
4920658.0
16753848
6365696.0
19749471
7509482.0
6390119.0
5625671.0
7430705.0
5702786.0
7245419.0
9679997.0
7827213.0
17317369
7305780.0
20344804
18869065
1.2512E+7
16710954
2553025.0
11106339
8464176.0
1632568.0
2333364.0
12939454
6247882.0
25189369
2673317.0
5920128.0
3279149.0
4481820.0
1948247.0
14266302
12543227
1.293759E+7
15942124
2158780.0
3201779.0
12611255
8831003.0
10656261
3171114.0
4490659.0
2055417.0
14510123
16067878
2609981.0
22420797
8759370.0
14275519
12097452
14148442
13328249
7074755.0
10118315
2215268.0
10072216
6670153.0
3637183.0
2441171.0
5511473.0
3.243004E+7
10425647
4122220.0
4203805.0
18160913
7345571.0
22382083
9743562.0
8097559.0
12039952
5584589.0
2660720.0
4289410.0
5484329.0
15135418
12977662
10717311
14993939
7175931.0
7125371.0
18222421
1.646274E+7
17628908
5076306.0
9312920.0
8080017.0
11347751
4302252.0
11085704
6624106.0
2170150.0
11195584
11941165
3006813.0
1725175.0
12808879
6999501.0
3538152.0
6597206.0
9440762.0
7647806.0
17473508
1568615.0
14455368
1.02777E+7
18466796
16840294
19510469
13521826
10550493
3281104.0
12851609
1598090.0
5756679.0
4048044.0
8762831.0
3463628.0
6945775.0
27814906
21263692
7703755.0
1984707.0
8809883.0
14267465
1842026.0
14748303
9726129.0
1.314765E+7
1730816.0
6825935.0
10419179
5901208.0
30160295
17044084
8576132.0
2759857.0
16780018
13386829
8118128.0
11937863
10124445
5404839.0
3915385.0
6185669.0
9215069.0
8468555.0
12153097
8796912.0
11125964
7501611.0
4425396.0
5127907.0
17367531
5992865.0
7227454.0
17069939
9586628.0
9588020.0
2940620.0
3899292.0
6033561.0
5108421.0
6930050.0
7586956.0
2955458.0
4678060.0
4367908.0
3973001.0
4777563.0
14142657
21639446
1707839.0
6455940.0
2710068.0
19060641
15832591
7772897.0
9285178.0
4929256.0
3897190.0
5448978.0
1867578.0
3079784.0
1940061.0
6451941.0
10179051
15729679
5322080.0
11369792
8418334.0
5409979.0
1.46673E+7
2919251.0
16002935
8440917.0
7697686.0
8364228.0
5202312.0
12479984
8298143.0
10392138
10199817
6537801.0
23670243
14772523
2055516.0
8015925.0
18294582
3299769.0
5242621.0
10169592
8019282.0
4633469.0
3151238.0
6083031.0
8835468.0
1610846.0
22935759
2618088.0
12591032
11773709
9469254.0
17526509
24069087
5168736.0
8288456.0
13362994
2000302.0
8228910.0
7165378.0
6511610.0
5320615.0
5748928.0
4832075.0
7111845.0
6400659.0
14908344
7319643.0
15597267
11059178
12185365
4828146.0
22013259
4761211.0
5298424.0
2312319.0
6237709.0
10752075
5136597.0
4184371.0
5375470.0
8529805.0
7642944.0
11508988
7366202.0
1.191839E+7
18740321
19142191
3175219.0
17507196
12271395
2805672.0
3313900.0
9336928.0
14184305
7175357.0
1449884.0
2621915.0
18597509
2780123.0
5430207.0
2.020399E+7
15213527
7333871.0
4421641.0
12344748
4209367.0
12727478
1505594.0
5561342.0
1903083.0
3407638.0
9248176.0
3730803.0
3846359.0
4040843.0
4077833.0
2209986.0
15155592
6823071.0
18617557
23878362
8900040.0
11974108
8218063.0
17961397
11784331
6708726.0
3509796.0
5286120.0
25641992
2982559.0
5984399.0
6135270.0
9902977.0
9574129.0
22439334
9204664.0
15977491
1913914.0
6441638.0
3737400.0
2323501.0
6067308.0
7131795.0
8338790.0
7513657.0
2945923.0
9355971.0
10719118
6610450.0
24099744
8979839.0
6062288.0
8752634.0
7315233.0
7111516.0
6122021.0
10492328
9674831.0
12585263
9490237.0
6959420.0
14748667
2760594.0
1568001.0
14539107
15801746
3524493.0
15492089
6117373.0
8677165.0
11359451
5379509.0
11408084
6244171.0
10330738
10735644
6418246.0
7356994.0
10786605
5278845.0
3220247.0
10265556
4146212.0
7580053.0
2110229.0
11526271
4205995.0
3216811.0
19122711
18990099
5759116.0
13719081
16292128
7814523.0
2978939.0
8362429.0
3739106.0
9378996.0
3901905.0
5460011.0
2297283.0
4356411.0
1648180.0
2438856.0
6550024.0
12397635
15423534
19258974
9986440.0
6082788.0
18662348
3977048.0
14664079
11973775
2070142.0
12831074
4395533.0
5179546.0
3040415.0
1323372.0
4216350.0
18871791
10866298
1.291925E+7
1.461041E+7
8172288.0
1.451075E+7
7893161.0
1619281.0
9171854.0
7709279.0
8582927.0
3435840.0
5750222.0
5755379.0
6565655.0
5529477.0
8221218.0
2.782954E+7
3396763.0
13034663
8912805.0
10474478
1.498555E+7
5809009.0
11399534
8421535.0
13349086
8355452.0
2032016.0
4723684.0
2436994.0
4867994.0
21524404
2576562.0
5965822.0
7532324.0
12410713
1.298864E+7
3146351.0
3902337.0
14045405
13134536
10547812
4793351.0
3355041.0
3548525.0
8158878.0
21695632
1355909.0
5217084.0
4578364.0
2203344.0
14258502
7010996.0
18918891
16707143
6126160.0
1541809.0
4397099.0
7393338.0
9906240.0
8548955.0
2888533.0
2160868.0
1.993285E+7
2945509.0
3837782.0
20233095
12579437
14563079
16040781
1.186711E+7
11389351
16213023
6234522.0
5613285.0
4750338.0
3312477.0
10219355
5161154.0
11019863
2701667.0
6414122.0
2395361.0
8808840.0
8103650.0
6621564.0
25536201
2947849.0
4548575.0
21552874
4823057.0
9563190.0
14001746
13050899
12717906
6873096.0
5219056.0
5225470.0
4114583.0
4596304.0
9646558.0
2373729.0
2251328.0
2295535.0
14428911
19062758
3909660.0
15286355
15611161
3236660.0
7087114.0
13765625
12678561
13694997
1.109744E+7
9436880.0
4579036.0
1756179.0
6932689.0
4525974.0
8903163.0
3561996.0
1.731849E+7
2933542.0
1.677784E+7
8637392.0
18756519
9346894.0
16643837
7118730.0
4571062.0
6202258.0
3399207.0
6321770.0
2685471.0
23591941
3005487.0
22408042
15455601
1296733.0
7265558.0
16813008
12200241
2737197.0
14613052
17256877
3267344.0
5718348.0
10936675
3388437.0
3319752.0
3783035.0
4670145.0
6781050.0
3480548.0
9861432.0
8723723.0
11162536
1.200818E+7
5806214.0
17957029
11487968
8950609.0
3460524.0
12741991
5122060.0
5686943.0
13681027
2096617.0
1506540.0
1699135.0
5424535.0
21994968
2892264.0
1.771785E+7
2216245.0
1.617253E+7
3157435.0
8901937.0
2932613.0
7166639.0
11416927
2800902.0
7075554.0
2812562.0
3161889.0
18475789
27936252
6347356.0
5135303.0
7588285.0
1.151346E+7
9239080.0
2516422.0
4520413.0
6706767.0
1.461251E+7
3056785.0
3429483.0
8404565.0
2511049.0
2774516.0
18311594
4087248.0
6634713.0
5411426.0
6803491.0
10390398
15719087
21118649
4033644.0
1970859.0
2012391.0
3166412.0
2.21488E+7
16749461
16341647
5668549.0
8472307.0
3570489.0
5514894.0
3148187.0
7451451.0
3884655.0
1754466.0
8377722.0
5161707.0
1.536791E+7
4421984.0
10937373
1.616962E+7
6892680.0
11935588
6299383.0
6491297.0
7538105.0
5437222.0
11126658
6699999.0
11175498
2970458.0
4900326.0
11597644
11534658
2076174.0
1699609.0
2774603.0
13680871
10250671
4940474.0
5575248.0
6119677.0
4104156.0
6140204.0
3689832.0
4504864.0
6443829.0
5566873.0
1.118967E+7
11365861
6291921.0
12205974
16217273
13722935
21957562
2.108325E+7
4403350.0
1.204654E+7
8433819.0
5049303.0
7597555.0
6150421.0
7234643.0
8007230.0
20210864
3413903.0
6274622.0
4167215.0
3847315.0
9926672.0
12981573
4575906.0
1847927.0
3283559.0
10776772
8653978.0
10558984
3474311.0
11553804
10656884
11363215
13419145
3627734.0
3199762.0
16580022
6339676.0
1.343248E+7
18758276
2378395.0
6030737.0
7110535.0
7943787.0
8529381.0
6318952.0
11046984
9819263.0
4537617.0
8661057.0
8438998.0
1655909.0
3943340.0
4668126.0
8104857.0
13746719
10670341
14470394
7040544.0
17204992
5222089.0
5520437.0
4399140.0
3377733.0
5219353.0
8319337.0
7732144.0
4008544.0
23513616
20265523
5644370.0
2308254.0
7524541.0
5871972.0
6261280.0
13110442
5131413.0
4680580.0
15745874
3319172.0
1501182.0
3225789.0
5293593.0
5975543.0
1.591404E+7
5183557.0
2370727.0
1366730.0
20741789
2717338.0
22755676
2377715.0
3815782.0
10748858
12627651
4208097.0
10127144
1942855.0
14009675
6570946.0
7563656.0
15908111
1716542.0
6795991.0
1.399341E+7
15137067
10220071
2170031.0
8870728.0
12958066
5009652.0
1.21506E+7
4629798.0
4929124.0
7039364.0
7469489.0
7412223.0
5562570.0
3369861.0
3244252.0
2.222666E+7
21208837
2458199.0
19245951
14247031
1.561257E+7
7002441.0
21479441
4665333.0
7472168.0
5902483.0
8727823.0
4669811.0
11984812
1701458.0
6092757.0
7643863.0
1.050626E+7
4256542.0
14874152
8821755.0
7627698.0
2226478.0
8563928.0
2918865.0
2314513.0
2850797.0
3336502.0
4839153.0
8985219.0
1828544.0
1.057016E+7
25294049
17204015
4817829.0
13251559
3926386.0
5251143.0
19853172
18362482
10566139
4046412.0
12482131
8736310.0
7601228.0
1677799.0
7565404.0
3902467.0
9502326.0
2.208007E+7
5335665.0
21556545
7773775.0
4488785.0
7481256.0
3859705.0
12250109
1.166836E+7
7184770.0
9457540.0
7041216.0
3830429.0
4978345.0
7017443.0
3259574.0
14322736
6261983.0
2375054.0
24432119
18009319
15618743
7464640.0
7441312.0
8288396.0
2728155.0
11579228
3286668.0
1.206714E+7
10492042
14106334
2.105406E+7
14894182
1858112.0
6846955.0
3865486.0
11836514
17927518
7214876.0
10339819
19370953
1202092.0
7861700.0
14934934
8745390.0
12387129
21160235
8537570.0
11858385
15209869
1.528004E+7
10439595
4385967.0
2134264.0
2832922.0
23618508
8632564.0
16825802
12649761
18347249
3305466.0
3771174.0
17624398
1.633371E+7
3299941.0
14017601
2883610.0
3902150.0
4579462.0
7119786.0
2860038.0
12629417
8061322.0
6260547.0
4033555.0
20918721
7684197.0
3870453.0
3198372.0
12253418
6298319.0
13421791
6411543.0
7964826.0
8655286.0
9000094.0
11748259
20351127
5582791.0
8994530.0
15043682
12990353
21699379
19348167
3841817.0
11426641
1970843.0
5839265.0
4815058.0
7100668.0
1962312.0
7731416.0
4405695.0
6588758.0
7007604.0
1905927.0
2629512.0
4114738.0
10337187
3504098.0
3834005.0
6666175.0
10192698
4000296.0
6385268.0
13483068
8488634.0
3224354.0
15970615
5312481.0
5263153.0
4823315.0
4887373.0
19765025
15231688
3225321.0
8898112.0
9997843.0
3217011.0
4088650.0
6701010.0
6719427.0
6732863.0
12035693
4321632.0
5042773.0
6833957.0
1571584.0
9173444.0
7995366.0
9905035.0
3630197.0
20781163
4433361.0
7455918.0
3086860.0
3178705.0
15220075
3157061.0
12852671
3336390.0
3326746.0
9280163.0
10957262
4689929.0
7570309.0
16357321
13081403
24182872
15059468
13469689
16631231
13418312
16876947
5143147.0
14122957
4872815.0
8669133.0
14319141
1.817112E+7
8828805.0
5074931.0
11824242
4843472.0
6399927.0
4552617.0
11239206
7248395.0
3992679.0
13427796
10269827
8478223.0
18342468
9065797.0
8629730.0
5687673.0
9546564.0
12225918
8067136.0
13385461
8928352.0
2665130.0
27511879
4976641.0
1784403.0
17917765
10461976
1.498921E+7
17012383
18237371
12860494
10214769
8704951.0
7705878.0
7129382.0
15484029
7458625.0
5982588.0
1744818.0
2324844.0
2503611.0
19377155
8981324.0
4642839.0
16402712
11742329
2694052.0
10942522
14451496
5163548.0
1682677.0
11139232
3654406.0
6710767.0
4920510.0
5263759.0
7934002.0
23403934
15699596
18195714
11611279
11183492
5660473.0
1.077329E+7
3791203.0
5631296.0
3602945.0
1.184213E+7
2049925.0
9185843.0
6365744.0
2508185.0
9338817.0
6783059.0
2585057.0
5968516.0
6203343.0
2729744.0
18974302
5740705.0
2694107.0
7355480.0
7121472.0
2034135.0
3625553.0
1785694.0
2874784.0
10432368
9290074.0
5364858.0
8814664.0
7398248.0
3669822.0
1.300225E+7
5005183.0
9344006.0
2.279416E+7
5780096.0
5811548.0
3010216.0
12315713
6668179.0
9057075.0
1.1544E+7
11645808
5732966.0
2369932.0
8288548.0
5049475.0
9303256.0
8864265.0
3505327.0
4590140.0
10871658
16027757
13873709
8620191.0
7604788.0
1860417.0
7902293.0
4747418.0
6134224.0
17622387
2891717.0
6668882.0
6102180.0
8576737.0
1.297804E+7
2566507.0
9420132.0
8092089.0
4314345.0
3000824.0
12419155
12286651
2921993.0
5705846.0
13842473
6977741.0
13031538
17259234
3747891.0
7497791.0
11086882
4212906.0
7376076.0
10876769
3959662.0
11052096
19951541
4891151.0
12175252
15346477
1.45329E+7
10863537
4950648.0
4413034.0
1700200.0
5488552.0
17388076
6772699.0
5852601.0
5430859.0
2014168.0
4991490.0
9559122.0
1.617714E+7
22136445
8091388.0
8695750.0
8352435.0
22504232
9013854.0
2652833.0
7696901.0
2831302.0
10656771
12217719
23657056
5889985.0
2267874.0
5655854.0
11209121
19311936
18829956
2185064.0
1741736.0
18777224
2804841.0
8949363.0
3078336.0
8872579.0
11856478
6084275.0
6027869.0
3737668.0
6042169.0
22668549
3242219.0
2044619.0
4100605.0
8770274.0
11665676
3703462.0
10546719
4121853.0
3060545.0
11855651
5403389.0
7811159.0
1309646.0
1702822.0
9891158.0
10413894
15904862
2.581617E+7
22290267
3434318.0
6446994.0
18536116
15999987
3299451.0
11586119
19886982
10668769
1623060.0
3417327.0
12443059
9732488.0
6944692.0
21218649
2986328.0
6829937.0
12608258
7551758.0
21636008
8539372.0
1.499251E+7
8425036.0
9820251.0
4577684.0
8904379.0
10142273
3789998.0
8783118.0
2812684.0
18726204
4485548.0
9622553.0
9325846.0
3426037.0
8314850.0
23202546
11109726
11806643
8911183.0
13862023
9697582.0
9123721.0
5232700.0
16361008
2033358.0
3317938.0
7703767.0
1501163.0
24904984
13791343
7083797.0
1.822181E+7
2276398.0
15887454
14188499
3829646.0
3927542.0
4823913.0
5482220.0
8537826.0
3286530.0
7731735.0
6625248.0
6072456.0
16405619
18824638
1720870.0
2953541.0
10545831
3418127.0
4924288.0
7246317.0
11160895
7914785.0
20136893
2271608.0
10285814
7456853.0
5690245.0
5552809.0
7582515.0
17664401
7093969.0
5475159.0
14734856
1.539613E+7
1.014453E+7
6620504.0
6213886.0
2270707.0
5792655.0
6662532.0
2040968.0
6775595.0
4869839.0
4172857.0
3377767.0
1.973727E+7
4569616.0
3325431.0
20485549
9595064.0
20435469
16175529
9971632.0
13221077
13188742
16296106
4853366.0
6334814.0
9124981.0
6580072.0
9803118.0
9706785.0
7002624.0
5953880.0
16261236
19857497
4740356.0
6192383.0
3994886.0
8734616.0
3319643.0
2454675.0
8467924.0
3524077.0
2798630.0
16485229
8093086.0
24270024
8368433.0
6328245.0
1.368449E+7
16100685
4910312.0
4554036.0
8922558.0
19232446
4982887.0
11994881
3425624.0
7728335.0
3899213.0
12613464
1564524.0
4987631.0
9022755.0
10886415
19647256
11913413
20924827
10796818
15334252
4760602.0
18465565
17321352
8629749.0
9446962.0
9230326.0
10193765
5680494.0
3676394.0
10355043
1671816.0
7633268.0
9378517.0
3711436.0
8277012.0
3551556.0
15219936
2807905.0
3851022.0
19254714
18932647
2341344.0
8228951.0
11008888
7399450.0
15637084
10231976
1704844.0
5832310.0
4563608.0
6468088.0
1713054.0
4146582.0
7825946.0
5182063.0
14751764
18081484
3958193.0
2.176058E+7
11774565
5484236.0
8433441.0
5746722.0
1841125.0
10966859
6947016.0
17642668
6776413.0
2431969.0
2942179.0
5756890.0
16900819
5825744.0
3376868.0
7791925.0
20688331
10196104
11698851
8955075.0
1.068805E+7
1.104271E+7
13676461
2760374.0
7243645.0
4805069.0
6470079.0
4368193.0
5530127.0
11432177
26767027
6184568.0
7092033.0
1.334062E+7
11213937
16105139
8994182.0
13443354
4895713.0
6008534.0
5068635.0
3310158.0
4635372.0
3561294.0
23602217
21431777
4936099.0
7881264.0
10986246
16361381
13819479
11408205
10565193
5905115.0
6372116.0
10736471
5063140.0
4181583.0
9967066.0
6995888.0
11132247
23824142
4379157.0
1271368.0
16296858
20429403
6259879.0
3325758.0
2523317.0
1718130.0
9186276.0
4620594.0
3407036.0
10788181
10882021
8924966.0
1777536.0
1545526.0
2740252.0
4983405.0
20292169
20499063
9330776.0
15792603
11056694
14475849
14453952
9085237.0
5905970.0
4620613.0
6650135.0
7760279.0
5959851.0
15542721
6472386.0
9836580.0
8714727.0
8604234.0
9603083.0
7955696.0
4911234.0
21534653
4460885.0
9941173.0
17218273
18080593
16436186
2588772.0
4370224.0
5562018.0
17531524
2919273.0
8997099.0
3700167.0
8342992.0
7287017.0
17584651
7480369.0
4327567.0
2032074.0
15186883
1.676793E+7
10042745
6468668.0
1955467.0
1895620.0
22460771
5510957.0
2498631.0
4243428.0
1585070.0
6346639.0
3238374.0
10148003
6174718.0
4166399.0
13822968
19186772
12877564
18493544
3604263.0
16625436
7536590.0
5735059.0
2116029.0
2740069.0
4104734.0
1769867.0
18851252
7170345.0
6971643.0
2498047.0
9731418.0
2174793.0
21263023
16016151
9151614.0
4715381.0
9661363.0
14380418
2124392.0
8786649.0
13864033
9487356.0
2946034.0
2394998.0
2640258.0
11578492
3811174.0
6816987.0
22349244
23604511
3751494.0
14869672
2431789.0
12853593
1.215283E+7
6433963.0
12867745
1.073137E+7
9024437.0
5072654.0
5943868.0
2775419.0
16147653
14728527
3149340.0
11274899
6685288.0
3434006.0
15024084
4647214.0
11835614
4550204.0
1.078885E+7
14443654
5337543.0
2916707.0
1810719.0
3144063.0
25517467
22389861
8470900.0
4642541.0
6246939.0
1850330.0
15945246
12790673
5528260.0
13956462
1.74272E+7
5075300.0
3385092.0
6454295.0
3504176.0
4091382.0
6609550.0
3003992.0
4543032.0
17403078
8612198.0
9458804.0
21830814
2620217.0
8715914.0
5980797.0
2640340.0
4321774.0
7698373.0
14045458
4448845.0
13961715
13064476
3849583.0
6830856.0
8508346.0
2134713.0
4958610.0
7761003.0
6509605.0
25788806
5698963.0
12249695
3228754.0
7074457.0
15102224
7586751.0
3166565.0
9827787.0
7415961.0
8421865.0
1671913.0
2308658.0
3191317.0
9981599.0
4602809.0
4241555.0
8078302.0
9259800.0
3935886.0
4905360.0
4473708.0
20906769
15433548
8594392.0
13092271
13902839
3843094.0
9368683.0
4051048.0
5260544.0
7234693.0
12218025
17599585
3483222.0
2169855.0
2105761.0
15304781
2863975.0
3075704.0
1913806.0
2472056.0
3722847.0
12153703
2829620.0
2377172.0
6779143.0
4380359.0
14196439
14781658
3389616.0
26295232
16260101
4437204.0
18395253
15465723
8932057.0
10587815
2182103.0
11162061
9862968.0
3321065.0
1.548873E+7
10297258
5609552.0
17373645
11300837
7501548.0
13772638
17369421
20953928
20593515
2354461.0
2743845.0
2561247.0
8293502.0
7074742.0
8370956.0
4564464.0
9023175.0
2046123.0
2041227.0
1454459.0
5823548.0
6672922.0
15966457
8138461.0
12023295
2477550.0
11784201
10683178
12761666
6693070.0
7807371.0
7724390.0
5794793.0
5217642.0
3784489.0
6131433.0
7874841.0
8084527.0
16304962
22996309
14119035
1.506375E+7
9924403.0
3083611.0
18327371
10448223
3637933.0
2918876.0
5751778.0
1668586.0
2769036.0
1.067421E+7
3327382.0
19176517
2294237.0
8744168.0
7876098.0
3299968.0
14209591
15744722
7182234.0
1667975.0
5196435.0
1.027581E+7
7098006.0
16693371
12207112
2045655.0
1428695.0
7176150.0
7787145.0
4049521.0
9139335.0
10982026
7748466.0
9257358.0
4919126.0
6759530.0
3374636.0
11604354
8893375.0
1.2503E+7
18244576
6914361.0
24333504
16305171
1982124.0
3281881.0
13370766
8649880.0
11640434
8017795.0
6617624.0
4803422.0
7338923.0
10874796
1.002252E+7
4129071.0
4215793.0
7673070.0
4691691.0
8571152.0
17395694
9353925.0
5720179.0
4087207.0
1934868.0
16524258
14847647
2850424.0
2284422.0
9858110.0
6818319.0
2345384.0
3498793.0
7094112.0
7324267.0
18792496
21715292
15135049
19221582
17132434
13533664
14938969
17813535
7019957.0
1555782.0
21954466
7294231.0
6649714.0
9552870.0
2060666.0
1504864.0
13403539
2201251.0
25373226
1.119211E+7
8883966.0
5310950.0
9398756.0
10705632
6029734.0
2456064.0
2512903.0
13623865
5411370.0
5663717.0
3790396.0
7386345.0
8303330.0
2704185.0
6791750.0
3514399.0
2421405.0
16112265
2128635.0
15939504
6301118.0
1.156687E+7
5435136.0
2097282.0
2011921.0
1339914.0
2290584.0
7097810.0
25975633
17375004
4057638.0
3072467.0
17819973
11151979
17032493
2426783.0
6554571.0
2565130.0
10343283
13637038
5913194.0
6847269.0
3887816.0
9793734.0
7216021.0
2513812.0
13904519
4146449.0
3956689.0
4188453.0
10898688
3367096.0
4247860.0
11133465
26647031
13327111
4070929.0
1.953411E+7
4384907.0
19614016
4575251.0
2860710.0
8292752.0
2321182.0
1840667.0
3671135.0
5537550.0
3449876.0
8064409.0
3050418.0
3557132.0
10286089
14558454
4093182.0
5618116.0
10057124
5741203.0
8202788.0
3776779.0
14955973
1863131.0
3008588.0
8078531.0
3598096.0
24900202
2838600.0
4694634.0
3170277.0
15137741
13731802
2404585.0
22912669
9958184.0
6143429.0
9888640.0
11454704
5208805.0
5183417.0
8642259.0
5806444.0
16173033
3408290.0
1936471.0
5983444.0
15600309
8478876.0
20218256
20651788
11879787
3367432.0
17752046
2431702.0
9445285.0
4074447.0
11260681
2895121.0
4741741.0
23221422
5072071.0
6778563.0
1885326.0
14043307
15080206
5966289.0
2686160.0
15752682
8382419.0
5266126.0
9776451.0
4737352.0
9058745.0
11539245
3235087.0
21455364
8849158.0
2675417.0
10264583
14159549
2490507.0
21266753
5414400.0
10874128
4561254.0
14800914
3194360.0
1583971.0
2063299.0
3307054.0
7360798.0
2053754.0
3682391.0
2085115.0
1.870018E+7
3064639.0
2378364.0
11586627
13834382
3425203.0
13582066
16417354
7585629.0
2641321.0
2759737.0
16245739
8196884.0
2207298.0
1150241.0
6536860.0
2647449.0
19657854
18729679
5307479.0
17289932
1.203294E+7
6061176.0
5899033.0
8289218.0
17243847
17362924
24806606
6768348.0
6109159.0
6336834.0
3843877.0
2524293.0
8978276.0
12661084
7796860.0
4064016.0
19874167
3447173.0
1576750.0
14046626
7607035.0
15288818
19408881
14022413
5950708.0
11278077
14093199
5675572.0
2853047.0
15714074
6209050.0
1647658.0
6212451.0
6453895.0
4621133.0
3810304.0
3712375.0
15964086
24560162
5632137.0
13992218
7399075.0
10975429
9633526.0
11623998
7121405.0
6847122.0
2379776.0
12623317
2996220.0
5038545.0
12528417
13936849
20733178
14608386
10811224
3440006.0
4464170.0
14130991
10104105
4707497.0
5200495.0
7825750.0
9223819.0
8120374.0
12891403
1886157.0
18456964
23475346
1613298.0
10329559
16075876
1.408875E+7
15559959
11574566
5427048.0
6329041.0
2496510.0
14376991
2179379.0
6609912.0
6517387.0
4043193.0
6378792.0
3577489.0
7848349.0
26111136
17113367
10866894
5102673.0
1.658251E+7
20054861
7719664.0
5373118.0
2887956.0
6223891.0
5924543.0
15671943
9377662.0
6378236.0
2.653929E+7
6773727.0
3974326.0
2314665.0
13909884
11514441
12616667
14160533
11915837
5155863.0
3603042.0
6048201.0
4518839.0
8898889.0
12015409
26180927
14647347
7184344.0
3594693.0
6608742.0
2795177.0
1.81351E+7
2345144.0
4198293.0
4177462.0
11625026
1767695.0
5187388.0
17136916
1.747413E+7
8392292.0
3008759.0
5134418.0
4343281.0
15852127
9353359.0
2009342.0
11359836
6386883.0
16799049
1.90839E+7
9396241.0
21424022
8355135.0
18409044
6199004.0
8671191.0
5530673.0
10655624
7386577.0
16496768
6080970.0
5993131.0
9605642.0
8311650.0
5775031.0
16551342
2656208.0
21242458
13770916
11969926
9288267.0
8605271.0
3877200.0
9940010.0
6140273.0
4291934.0
6288465.0
7001897.0
6637868.0
5128205.0
2431686.0
16617609
4936009.0
4480367.0
5585804.0
2686558.0
20057279
4248023.0
10815482
3793320.0
5974555.0
15375689
11490812
8433876.0
8721900.0
3257795.0
24470454
3478821.0
6122867.0
2046313.0
6609156.0
3806600.0
22040308
1422113.0
10154608
1.456942E+7
17027809
17080101
1645495.0
6001165.0
3504335.0
7734735.0
6502529.0
2338571.0
2747175.0
3886595.0
12359238
7264042.0
25066256
3801279.0
14264044
10416037
4163758.0
7673437.0
3071687.0
6998129.0
11798232
3593112.0
4419510.0
3535451.0
8583033.0
7976482.0
1791726.0
11555338
2382965.0
8103325.0
18549729
3255134.0
4716109.0
18798437
11246359
14020616
5590227.0
11600926
3091596.0
3881003.0
9823605.0
8780041.0
18231081
14033327
16146151
10253621
19837973
2838517.0
15815554
5184602.0
1.103304E+7
5484554.0
10749569
1.044833E+7
7484965.0
1804167.0
9859747.0
12735637
2566366.0
3210445.0
5521535.0
8556519.0
13635991
12097613
3066416.0
16803045
22850514
3484063.0
6526513.0
7682296.0
2067358.0
9019792.0
3838542.0
4389214.0
2205235.0
1396273.0
7444400.0
1608099.0
11255406
3139931.0
23891642
14497163
15801684
8286826.0
3464275.0
5140323.0
6642474.0
14965305
3524344.0
2221587.0
2580145.0
6207910.0
8183093.0
5644947.0
16550418
6055751.0
2851507.0
8504466.0
6015541.0
18510673
16317609
1.956449E+7
9293840.0
1833463.0
5813428.0
7533600.0
1835742.0
4457025.0
6594630.0
6083338.0
18451849
21592672
5662507.0
20208219
12175575
3993667.0
3061946.0
19280461
4086383.0
4893718.0
16701323
7859094.0
9484668.0
2473659.0
6232002.0
3889286.0
3216389.0
2498233.0
9898300.0
4331873.0
2753488.0
16613658
21051113
17083413
15850608
1.582905E+7
3541987.0
17013203
11272487
1588663.0
1206265.0
1.012963E+7
4921630.0
9959333.0
4373873.0
3825001.0
10012711
2716904.0
19526221
2551962.0
2924786.0
3747452.0
10882544
11594144
9114051.0
12580116
12702546
4666041.0
3804552.0
3299855.0
4046294.0
6553009.0
5536761.0
9533250.0
7626340.0
20002138
18801627
4534280.0
3539817.0
16871306
11359585
3741239.0
4093607.0
10776922
2556392.0
8665273.0
4613045.0
4866020.0
7516416.0
1804400.0
8865273.0
20613806
4121677.0
13737479
15730414
16762391
20560933
11506167
3918385.0
14257793
9795970.0
7477885.0
6842097.0
7768352.0
1.096685E+7
9385898.0
8167861.0
9808493.0
2034683.0
4056948.0
9632698.0
9828883.0
3454037.0
3651720.0
2.319009E+7
1.789949E+7
12989279
5337515.0
8200666.0
17454156
3850613.0
5698235.0
3039158.0
9278692.0
2.278114E+7
8480006.0
3903017.0
1906536.0
27475486
21658267
2658445.0
21657653
4781819.0
2425577.0
19076195
5970674.0
8517828.0
3170117.0
8685372.0
11233567
4874394.0
1562442.0
6673498.0
6514396.0
7186225.0
14995298
4180099.0
4692791.0
5988586.0
13312634
4372515.0
10657749
2380692.0
7765776.0
17334917
2114734.0
1821850.0
3206052.0
9099476.0
5073805.0
11508572
9888534.0
2858178.0
18360668
7190420.0
4602608.0
3376137.0
13181626
13149007
2708046.0
4042573.0
18600311
8050408.0
7072656.0
11448003
6657553.0
18301583
2.145968E+7
2451235.0
16509352
9898726.0
10555551
19365012
3371906.0
10660947
1.474407E+7
11157917
7895603.0
2667270.0
4563233.0
4107286.0
9670401.0
2725106.0
1.641658E+7
3952175.0
1775617.0
9499548.0
4982364.0
15192862
7309396.0
10679191
15149894
5406202.0
6385832.0
7570502.0
1642093.0
9609927.0
4952067.0
21520941
2934930.0
4314054.0
1870437.0
10986308
21378813
10948471
4771620.0
13364351
12129948
5967565.0
6952550.0
8992800.0
4957904.0
12645453
3481483.0
1393094.0
7494518.0
9079706.0
3954088.0
8129688.0
1694250.0
7332605.0
2374023.0
18109013
17956505
3317419.0
26440529
7059132.0
22740895
19298354
7820890.0
10171694
3815125.0
4588139.0
13352904
7892998.0
4639967.0
6465178.0
9295055.0
20471275
21729676
3344669.0
17949306
19472013
2524264.0
17661566
8587531.0
5816178.0
2522434.0
3281787.0
9341666.0
9302977.0
6588054.0
2325063.0
4411638.0
4564734.0
6577726.0
2174126.0
1707420.0
11397255
2643673.0
13477337
2260272.0
2101261.0
13997657
6749772.0
14496595
5103022.0
7367691.0
13821688
11306488
10134126
7447166.0
6000551.0
1380719.0
5676198.0
15634394
2345916.0
11283261
15945139
19461385
1.163121E+7
14518641
12247372
4083317.0
8483730.0
5521195.0
6277976.0
1625287.0
3963246.0
5814087.0
21823837
7608570.0
22424574
13306164
7316771.0
9259980.0
15737443
9406775.0
7668394.0
5727210.0
11996872
5527925.0
7408919.0
20898224
2472256.0
6745427.0
12562691
3233440.0
14042077
1.391941E+7
10162976
2527917.0
6819609.0
15783803
11894104
2935148.0
11614145
4884248.0
8191747.0
5243313.0
6326802.0
6294950.0
20881253
5235395.0
4424248.0
4492269.0
14546165
6029959.0
2557610.0
15372641
6477894.0
11664339
2380330.0
7944050.0
2049700.0
5143547.0
7167596.0
8602759.0
6818509.0
10811465
3975914.0
18034097
3546130.0
15528452
7490777.0
2223029.0
19964306
2352944.0
9965508.0
20368903
13650879
11171422
17360453
6044656.0
12357906
7954516.0
12945252
13137961
3476348.0
26527998
3564127.0
4391316.0
10540438
1.879993E+7
1893734.0
9349655.0
6334427.0
3713432.0
7522562.0
14551518
6594005.0
11769548
4090428.0
2060730.0
2659919.0
3787355.0
8872681.0
8680681.0
18241193
15239846
2233029.0
19589863
12316522
6797789.0
3788511.0
11457743
9285372.0
15480625
3556025.0
1597116.0
1855221.0
2857211.0
5516080.0
5573497.0
8625255.0
13812854
2.194759E+7
20296035
8662394.0
5890287.0
18126458
13085865
8733568.0
4878490.0
2291787.0
5567166.0
7260808.0
3347102.0
10195494
1896157.0
2.859176E+7
12122999
5621318.0
3101883.0
13613329
9680301.0
2923047.0
9280537.0
5293015.0
15247546
2689219.0
11864537
2943529.0
10081386
1.460282E+7
3327367.0
19469004
18759376
7906425.0
2728523.0
11102387
15153817
6376897.0
17598911
12013597
12882455
4091128.0
15214207
9495833.0
2175256.0
4483207.0
6518605.0
2173196.0
7925042.0
5585464.0
4708919.0
16491962
10183499
15613335
24823336
5434633.0
3421293.0
14236132
1939476.0
5539972.0
6359425.0
3264943.0
3150191.0
8525641.0
2278400.0
1.181551E+7
1409600.0
11357071
10460827
16558541
19667752
10358912
10618108
2469734.0
4632468.0
2082037.0
15490471
4263106.0
15962784
3636650.0
2008661.0
7983126.0
2869242.0
1238089.0
19598633
2328437.0
3267115.0
9099913.0
20918547
17667008
2.081502E+7
6471854.0
12035114
3881375.0
3891748.0
5760485.0
5717139.0
4508028.0
5857963.0
3580520.0
15822047
2343641.0
4151370.0
2638106.0
9111028.0
15456737
19117308
3477507.0
15940999
4191794.0
6524351.0
12117592
2341828.0
1.461358E+7
12712041
3987494.0
2627117.0
1889053.0
6032395.0
10192874
2724737.0
6444724.0
9830129.0
10545798
7705588.0
15226561
8595671.0
3575191.0
10547568
2670525.0
12307272
4022796.0
6457247.0
6967239.0
1651916.0
19210579
8644698.0
14620854
8146152.0
10834941
14766732
6407993.0
1.72904E+7
9037923.0
2484355.0
13285615
1.079372E+7
3767347.0
9261845.0
19289964
8011004.0
26328792
4399183.0
2697364.0
6643843.0
3687243.0
2657583.0
12655737
13008091
2040050.0
1793118.0
3279932.0
5819344.0
6828318.0
4217876.0
2746524.0
1967266.0
12694943
18700838
1432917.0
8898455.0
8235420.0
12897428
3081668.0
7071677.0
3446798.0
5696948.0
3137210.0
3341747.0
3998163.0
10697213
12657452
8485740.0
4984254.0
3820256.0
3201533.0
8356706.0
3993426.0
13388619
6913824.0
8915924.0
1.541748E+7
19437133
9506898.0
2135286.0
7047019.0
7138589.0
4824933.0
5900262.0
6315129.0
16321236
7999909.0
2273250.0
9583351.0
8256965.0
5941482.0
6159691.0
2.184057E+7
5859076.0
4548154.0
5697950.0
8946840.0
12390521
15349528
8872313.0
11946603
8334050.0
8546329.0
11444549
6844225.0
5648409.0
6355692.0
8714016.0
15550928
3518161.0
7770699.0
18617354
2053432.0
3933581.0
2513042.0
1967366.0
9092156.0
1919031.0
8486669.0
13438861
12465848
9660273.0
3623513.0
5192512.0
4263166.0
11303647
3620860.0
4592210.0
6839903.0
11323412
14828277
12317144
14520459
2048586.0
9401506.0
6231682.0
8021239.0
5637876.0
3965434.0
2558392.0
3249688.0
24652986
2077526.0
6101119.0
13702068
11558103
5263445.0
6126454.0
16596486
5066401.0
11076784
4687404.0
11602086
5111385.0
9567372.0
3224932.0
4480634.0
6805800.0
4014360.0
10368976
7241359.0
11126478
11518155
22636058
7731407.0
9442499.0
3761514.0
3320824.0
12153026
4030660.0
6438817.0
7724626.0
10967714
7076027.0
6709099.0
3401697.0
3920726.0
6642423.0
9849923.0
9256689.0
2166707.0
4025223.0
16323295
6714282.0
2935589.0
1896965.0
7330719.0
4550877.0
3538764.0
3172049.0
9618677.0
5343446.0
15748622
15859345
1539796.0
5794992.0
11261143
17163935
9763050.0
14643337
2551511.0
1806690.0
12522005
2820453.0
5055678.0
5409930.0
8336383.0
2856572.0
20809635
17257552
1743069.0
4547154.0
1.440755E+7
6157981.0
2108717.0
2857530.0
5515854.0
2826843.0
10658313
8617632.0
16835018
15150508
19359661
1477842.0
4204546.0
6003162.0
1.604847E+7
4838615.0
4208456.0
5134721.0
1652862.0
7822930.0
10508893
2723598.0
13048577
1955640.0
10491436
8879094.0
2125335.0
8709144.0
2427049.0
9290326.0
1500870.0
3447271.0
2132283.0
7921574.0
4383758.0
8143997.0
9195885.0
7791819.0
1718385.0
6913022.0
8390503.0
9990833.0
2397059.0
1.729084E+7
10402666
2785343.0
5337438.0
2699344.0
5752345.0
4476007.0
8750215.0
11657056
8594281.0
15806979
11407866
3490551.0
5083135.0
10592454
3137976.0
2482443.0
6502076.0
11863428
3389122.0
12762821
5574289.0
4690266.0
4685592.0
15408875
6557466.0
18125068
7355336.0
2066313.0
1.592538E+7
18577983
3431240.0
16257533
17479287
3912204.0
18158946
14212173
9090824.0
8457766.0
8215187.0
6779961.0
12949485
8319114.0
4728427.0
2.316443E+7
2823822.0
6953377.0
15030188
14760562
6766326.0
8511810.0
6809976.0
3953104.0
4299676.0
4284210.0
3932309.0
10821237
4538739.0
6105087.0
7462546.0
3421607.0
20137254
8013445.0
18911075
2.630013E+7
6488670.0
2737515.0
18209503
15604068
13567483
1.043134E+7
7678333.0
10864078
7061046.0
17344018
4787750.0
1420343.0
13948203
11698273
3655534.0
17887047
3843714.0
5191843.0
1.72189E+7
1.283955E+7
2620026.0
2197371.0
6249990.0
2750272.0
13221881
10485362
7859236.0
7647186.0
3710825.0
5612842.0
7437455.0
2868188.0
21480851
18306116
1897440.0
1751540.0
14902895
17958659
20335362
16664956
4960088.0
10862818
2130280.0
11015378
7750624.0
11685285
11106793
6191947.0
17331342
27094222
1923189.0
2499002.0
2075423.0
16003853
2028523.0
17990627
8944759.0
7319613.0
16551969
2291335.0
2724085.0
6709665.0
3775874.0
9551329.0
4794745.0
4210009.0
7862766.0
10006375
12616187
2257491.0
14292438
24233657
14045809
7325831.0
11380009
4434401.0
2638807.0
2216601.0
3845028.0
8419810.0
4167668.0
8770103.0
4573636.0
2996192.0
8807965.0
8805851.0
26275436
10382317
7421600.0
6476810.0
9046675.0
1857023.0
2923622.0
5626994.0
5462921.0
22942949
9292848.0
5917251.0
10958541
1684251.0
7073321.0
12997724
2465356.0
3764691.0
9405167.0
7830028.0
2895785.0
14688549
7500678.0
6349051.0
2784594.0
9762772.0
6909162.0
2544496.0
2643594.0
4210556.0
4056452.0
13973685
2238284.0
11732043
7769767.0
10168109
18066222
15336497
1.171309E+7
9845153.0
2560109.0
8896312.0
3597375.0
3432535.0
6551325.0
6208133.0
2598785.0
19897111
6389778.0
3179189.0
14719456
6291451.0
19952922
7194455.0
14495812
16836134
10338998
10957439
2257907.0
8893336.0
7286174.0
1720395.0
23992746
14452439
7464968.0
1688479.0
3866522.0
3518938.0
6340554.0
1363150.0
2996996.0
8916555.0
1.451529E+7
12707767
13096387
3661581.0
12857516
3540945.0
8220723.0
4599137.0
7309755.0
2404955.0
16013275
14542654
15364371
10016061
17007532
6719200.0
5964432.0
4116413.0
4791246.0
3878741.0
1.426603E+7
10854119
1839349.0
7735583.0
1.102269E+7
9726270.0
2711439.0
13948164
2860696.0
1688930.0
6053295.0
5757205.0
6007831.0
3953732.0
12551046
5228399.0
5727201.0
17818847
2593771.0
9928400.0
2799280.0
11428257
17231489
5392185.0
3500862.0
1898962.0
8822077.0
9684190.0
3658892.0
12857503
6141055.0
7551666.0
2828056.0
1.677795E+7
3543485.0
7237125.0
7236067.0
7524244.0
7112632.0
5387250.0
8150769.0
1474686.0
15190883
15639668
2202868.0
3306414.0
6300604.0
4244253.0
25238383
14876305
12964465
6696441.0
1.646118E+7
6477509.0
2660537.0
14049795
8491214.0
3008506.0
7307020.0
11338071
6591415.0
22584251
4896818.0
7431080.0
4071280.0
13840631
3215609.0
4300840.0
3979033.0
10711017
5383770.0
3201747.0
9813669.0
6204921.0
9154296.0
4941685.0
4367845.0
10774227
4827900.0
7082714.0
16784992
15137018
10497922
9708559.0
13884216
11798674
8864135.0
5852112.0
13633451
8677737.0
16491299
10098535
1334392.0
23880514
16161817
19802678
21993485
9494623.0
4808196.0
4442999.0
4120070.0
15272034
7922033.0
11350766
3190997.0
7751991.0
4792935.0
7340818.0
5072514.0
15429028
5967236.0
5314072.0
1402734.0
2203476.0
4053363.0
13197231
22125276
7196279.0
14896038
8320468.0
11557186
14416257
6878756.0
5846611.0
10764281
3964325.0
1973365.0
15195594
8037751.0
8328744.0
22407419
6834626.0
18450448
6467116.0
5244856.0
4350092.0
1856835.0
6727951.0
6060525.0
6878866.0
13025461
8005160.0
3247598.0
2676960.0
5464995.0
3941277.0
5389342.0
16004589
5669680.0
20731603
11326652
5734195.0
15327372
1.757821E+7
8591576.0
9250405.0
6274658.0
13739316
8052564.0
3777589.0
3786557.0
3586628.0
19731745
11564929
4923487.0
16327746
23165585
7301338.0
10804487
18241061
15889588
11107833
12273184
14165794
6967231.0
1578019.0
10087335
8121613.0
3484499.0
6697057.0
6775017.0
4974424.0
3980356.0
2464038.0
13414586
13467729
10071353
12448995
8260265.0
6430948.0
9947472.0
8023989.0
2541829.0
3541829.0
12930729
19362324
4524103.0
2011105.0
6142767.0
19608967
15950014
14058762
2742523.0
6750964.0
5259518.0
1.006624E+7
2520819.0
5221565.0
1.221684E+7
1.28768E+7
5542617.0
2862727.0
14759885
5124350.0
8644617.0
17274069
14261903
16482398
6641204.0
13273278
9736341.0
10151148
4314442.0
5920355.0
11826315
1.116754E+7
5863053.0
1595684.0
4823039.0
3601211.0
6302527.0
9737390.0
9592349.0
6212038.0
7443708.0
23492258
1852471.0
4030785.0
12793674
7432456.0
18591929
3099079.0
14698749
5976342.0
7924451.0
15125148
9097072.0
8068301.0
10255769
7558972.0
14104186
11165788
3633572.0
10496449
12178416
15841073
6626922.0
2.431456E+7
3671596.0
8038576.0
12290759
11765744
4887123.0
10467509
4453080.0
12876907
3745717.0
1.106287E+7
9645009.0
1484079.0
14897195
19546702
7168792.0
1.133266E+7
3508474.0
4877704.0
6294729.0
9127263.0
8861161.0
4339496.0
12978855
2323917.0
1659961.0
28256949
5010454.0
4592942.0
14920495
20651625
2276460.0
14362721
11420569
6053826.0
4701757.0
14975596
5703354.0
7165942.0
12897872
2013026.0
4154710.0
2504551.0
4385923.0
6728342.0
23050913
2860832.0
1504316.0
17158014
2586858.0
9419992.0
1.718721E+7
9285244.0
12712948
4564944.0
3227613.0
2160754.0
4095534.0
3067267.0
5968798.0
4941932.0
11662951
24205941
6127569.0
19583659
11962537
9098753.0
13372392
13611001
15468706
8182249.0
4321743.0
3263063.0
5080342.0
2097308.0
7909911.0
7348731.0
5794625.0
1.365754E+7
5934936.0
3095535.0
6490927.0
5266907.0
21992262
4086649.0
1878117.0
8126916.0
19744389
3163658.0
2838609.0
3564238.0
6546358.0
4214657.0
10118809
3810961.0
7763867.0
6373583.0
5479641.0
15443453
16003858
17067972
21669967
7368153.0
10093492
11970402
11343142
6528106.0
6911598.0
3930375.0
10411456
10860622
13868241
5557455.0
5399704.0
10068881
7364582.0
8200736.0
17144957
17285994
12722597
1683113.0
14658179
10611232
10841496
15587671
9777731.0
1.157569E+7
7160631.0
6328771.0
1822373.0
1619494.0
5363713.0
5048677.0
18793971
24508564
1833428.0
3343392.0
1.506261E+7
7137562.0
2739721.0
16471039
10332663
6249342.0
1882571.0
12685402
2040851.0
3592792.0
5884546.0
3226024.0
5985559.0
1.622822E+7
4819491.0
13478076
16096626
15935358
21716998
7006518.0
8269988.0
4296313.0
2290831.0
15990556
7988541.0
3926426.0
9902143.0
8750276.0
6696435.0
6324813.0
8525405.0
4585535.0
4728317.0
1770186.0
2178206.0
3054028.0
8009139.0
5159724.0
15502643
11224812
1976467.0
4531656.0
8851109.0
4609396.0
10276766
6231349.0
3514811.0
2430162.0
14822831
15671082
6391750.0
14734196
6681686.0
12138635
24675646
13726882
11117849
8201277.0
10873739
6995188.0
5505380.0
6180226.0
8566352.0
8941095.0
9602913.0
3121220.0
3757708.0
14424485
12261181
5813538.0
2166280.0
7340947.0
10833766
11010132
3903605.0
11426631
6098842.0
2340184.0
10022082
3724062.0
5436971.0
7457256.0
19347389
9808611.0
17777882
11439451
11685406
13011634
2231345.0
1877718.0
4101589.0
5574461.0
5507744.0
3895084.0
2754367.0
4173678.0
17758384
1.297548E+7
17600122
15000103
14274569
6626964.0
15304755
6658751.0
4858338.0
4547890.0
15704262
7669411.0
2318892.0
2.114219E+7
8282698.0
4213276.0
2196454.0
7068456.0
21372312
2701571.0
4696052.0
9766669.0
8025719.0
14458949
1952115.0
7390664.0
6735912.0
3369204.0
4251680.0
7049212.0
5204682.0
10430671
17659982
7060919.0
8954860.0
29793525
20027743
9006499.0
12791813
5580275.0
8581840.0
11110367
9901225.0
16034058
2170987.0
5635993.0
9474711.0
7807166.0
18787715
8518572.0
3635855.0
6522215.0
4471225.0
6374609.0
19618858
15167063
2805016.0
9129476.0
13434654
17775614
6513197.0
2989670.0
7007822.0
4254634.0
8097666.0
8199305.0
1378201.0
4353727.0
10300415
8205841.0
20981829
2934217.0
6377961.0
3364415.0
19404736
5359074.0
2964928.0
7023480.0
3066068.0
9615443.0
28475307
16954128
5558854.0
2296327.0
1412160.0
3319713.0
16920802
18131355
14330689
5255466.0
10613929
9002688.0
7737833.0
2584314.0
4339213.0
6123223.0
2229482.0
3635811.0
8787955.0
7161434.0
2094005.0
4282949.0
18901434
30203633
4971360.0
5632029.0
23427414
16490756
6995544.0
2992989.0
5162523.0
7039941.0
5549210.0
1811887.0
9911975.0
9710679.0
22693773
4906388.0
2365989.0
23276587
4542899.0
8074263.0
20331249
7040860.0
20246385
4154357.0
18085363
4591995.0
13024762
2187033.0
6465151.0
14105463
7524652.0
5552677.0
3768605.0
9289087.0
7004148.0
22444395
7097935.0
3393109.0
6781259.0
3552626.0
2433759.0
3634004.0
13045113
12681565
10025308
8442628.0
6665348.0
1.035681E+7
6212120.0
3337378.0
8512124.0
2647826.0
3463372.0
2148900.0
1.035999E+7
21896701
8472885.0
12196078
15041191
16587146
21913838
20139075
5428672.0
5209961.0
4119193.0
13522847
11410474
5719610.0
1307583.0
7808365.0
18307277
3695481.0
15057722
16242433
7140081.0
1.770568E+7
3920992.0
1837827.0
7227073.0
7270905.0
10590333
4034441.0
6089726.0
18006262
3782116.0
7646991.0
23294155
3797603.0
1991047.0
17719508
18812333
15165426
14387997
13170514
9428161.0
11804689
14577052
5328464.0
5849259.0
4549187.0
1.08279E+7
6027319.0
19849038
4722293.0
12900432
19831164
19971647
7893516.0
15434463
6846984.0
7721481.0
5155417.0
2428527.0
3679097.0
3803809.0
4257420.0
10260599
6288034.0
14260573
2707751.0
2249471.0
5218489.0
7558801.0
1.84402E+7
5280530.0
2375649.0
8242771.0
5077450.0
3883314.0
12066502
3918913.0
8783262.0
4718252.0
9577782.0
10462908
3196169.0
1467644.0
4406145.0
3198488.0
8016825.0
4689293.0
13776545
4752002.0
10920299
8271231.0
4332760.0
4279724.0
4791150.0
12018412
12809957
14017315
8212899.0
2061635.0
6107822.0
7972485.0
6624585.0
3917518.0
2663635.0
6364752.0
6889690.0
2211060.0
9011318.0
18393121
3185871.0
22265063
14361251
3640757.0
8514994.0
7969243.0
4820099.0
7028076.0
2990430.0
2394845.0
4646262.0
8326001.0
8673943.0
21353141
12871529
14562433
4238642.0
1.081908E+7
2671473.0
2121056.0
3408047.0
12808692
1.352427E+7
10357236
4397689.0
14895715
2949944.0
15724907
22104026
5438166.0
3659000.0
10425728
6801401.0
13252845
2304121.0
11705353
6647357.0
1.440808E+7
6022394.0
7317280.0
6048588.0
7985598.0
12799974
9986461.0
4237594.0
3675115.0
4061263.0
2440322.0
17702931
13488775
13232665
8276002.0
11666651
8461375.0
12180773
8093592.0
9026210.0
3415852.0
6452463.0
5965835.0
1453585.0
11247174
2685147.0
4237774.0
5836024.0
26132726
22213504
10379234
6049786.0
7604126.0
13790828
8051356.0
1824405.0
9999934.0
2842049.0
5186002.0
6943311.0
2126735.0
5047709.0
7046807.0
4209068.0
3211206.0
11807349
9990899.0
4289451.0
2.77169E+7
18863656
8889746.0
10481997
3701580.0
3507158.0
8348890.0
2106152.0
11084402
5996875.0
28559912
18423005
3764669.0
17876027
2209300.0
10740222
14610585
9872297.0
5708532.0
3672064.0
14441579
12106737
6289928.0
8382487.0
10067144
1765837.0
19919032
12571904
2520301.0
5884200.0
3627921.0
25903942
1777621.0
3777699.0
15816677
2952880.0
19717953
5322565.0
15067068
9814370.0
8280603.0
12413092
4387299.0
5620012.0
7037537.0
12543535
12136627
18803997
4856575.0
5118819.0
5450158.0
5171528.0
22743284
9932784.0
4107852.0
2422902.0
2117811.0
17482807
8572291.0
6596268.0
11113744
11348207
5179158.0
2937552.0
4148449.0
2764777.0
9908383.0
1.966215E+7
12071612
1.944468E+7
4555833.0
2839666.0
21133725
7231094.0
13353228
6485673.0
13258287
2454714.0
7412479.0
6881901.0
8345545.0
3388687.0
6288489.0
8623586.0
18594685
7491074.0
4907847.0
11393331
8975272.0
6919729.0
7119165.0
4586292.0
6541260.0
4675112.0
2293051.0
2403595.0
11100092
11781878
1990556.0
8660178.0
3996802.0
3455857.0
4853105.0
2966629.0
15240588
2223562.0
8779216.0
4539885.0
5145806.0
16874523
7612433.0
8070389.0
3204574.0
11130578
19516622
4089866.0
3943208.0
1.872323E+7
5102509.0
16276322
11357311
17657955
2259716.0
3316784.0
11985289
10270171
6072096.0
2639906.0
8813292.0
5405945.0
3411457.0
9958569.0
7517995.0
4543173.0
13155773
15332341
4459495.0
9028710.0
21373144
4473591.0
7331172.0
8666883.0
2727561.0
2178501.0
1.266211E+7
1.042439E+7
3419261.0
5617987.0
7643236.0
2454864.0
7304425.0
22127047
9289766.0
18402212
3572073.0
12236105
13454838
4200286.0
6242488.0
4352670.0
13278589
8074691.0
13447492
2092341.0
15122638
7947013.0
5532339.0
4656336.0
2226025.0
5571211.0
16098599
8301096.0
2431924.0
22267878
4373018.0
8254185.0
15406628
9921532.0
1722761.0
3457339.0
9198195.0
2415222.0
22622399
6788019.0
5656458.0
1615465.0
15997977
1.631392E+7
24962175
21108638
8158833.0
2255090.0
8935154.0
12070438
6664688.0
10126177
5806673.0
4905072.0
1993818.0
5251686.0
1586220.0
3581507.0
22671014
7859801.0
6382172.0
3421417.0
16594882
9056068.0
1.462055E+7
4830262.0
1322981.0
5777563.0
9794289.0
4218874.0
3951467.0
27610852
8608393.0
7252745.0
12551347
8572028.0
2580073.0
8018116.0
4031954.0
12626423
17933992
3424866.0
1221978.0
3938018.0
7439186.0
12284675
3560814.0
7032338.0
8413488.0
1816496.0
25138393
15696587
5726824.0
2472005.0
14872119
10560042
17988232
11492208
3516198.0
6579986.0
10919425
9876987.0
1728374.0
7665681.0
12149265
6887344.0
16607907
2.248892E+7
2665819.0
11978354
3096299.0
11196735
9365616.0
4437282.0
14373048
11424915
8460530.0
3748856.0
7219743.0
8174715.0
11803665
3712391.0
2156484.0
19440783
3225867.0
1599983.0
5544206.0
3303381.0
2666378.0
9574446.0
8141200.0
2947666.0
3580644.0
9927622.0
1593033.0
1297099.0
3028497.0
5800803.0
21945097
20580078
1370669.0
8510212.0
2478470.0
3964166.0
2690876.0
2008538.0
6398316.0
2740580.0
4953377.0
3080624.0
17201625
19609296
21321325
1.976381E+7
5674017.0
11141969
13779135
8584153.0
2093866.0
3459274.0
5555493.0
4375274.0
1874538.0
14074253
12388617
18646716
11585791
15408572
14784982
9007997.0
7559523.0
12252665
10240023
6096567.0
7027277.0
2247234.0
4694484.0
2137161.0
1928702.0
15052278
8021549.0
3148593.0
10687763
1.123389E+7
20830875
15311658
15436471
13049955
3035059.0
17242782
5317667.0
3284836.0
3608168.0
1785102.0
4607492.0
7085280.0
6701462.0
6753487.0
13768804
11292336
2739242.0
13815484
13443069
9191102.0
7954967.0
1.783873E+7
3786415.0
2028047.0
2512713.0
3468600.0
3120260.0
5008109.0
10330013
10278137
13047178
5892160.0
3005560.0
8632631.0
1.430361E+7
6703868.0
1709584.0
1.028849E+7
4103839.0
1996872.0
9067773.0
5969328.0
4238388.0
6887674.0
3809835.0
5484956.0
2504393.0
13028663
9665326.0
7115299.0
1.880047E+7
3676547.0
3312534.0
7837032.0
12108591
5602905.0
7856584.0
5202825.0
1860883.0
3500487.0
6699115.0
2485496.0
15299556
3321766.0
4136935.0
22176673
13358774
16443456
8739314.0
3391064.0
9432900.0
6460156.0
12096668
14734983
2137829.0
4273859.0
8460941.0
5855921.0
6115187.0
3344640.0
2918883.0
24621789
4928377.0
7052203.0
23548876
11506939
7206707.0
10529286
2104142.0
2874356.0
4438996.0
13745316
2723092.0
17818763
2648843.0
5010362.0
8803525.0
8576751.0
3327713.0
3689097.0
3790917.0
5261614.0
6643247.0
6164161.0
8543363.0
16637605
14700678
4945376.0
16885961
2351065.0
2383589.0
3703751.0
6711012.0
2446026.0
2729114.0
11842333
9467377.0
6329386.0
14565456
2825492.0
20549789
3143552.0
5713045.0
1.273579E+7
12452664
5839857.0
10282585
8820549.0
18227791
8876112.0
2407563.0
2664304.0
2402374.0
6201321.0
21430029
8899210.0
7597436.0
19725875
2272973.0
17726533
17797503
21043631
10311416
8036140.0
9048340.0
3999323.0
3635290.0
5275652.0
2564927.0
2644514.0
17559605
15905306
6955148.0
2055819.0
11897722
18173926
13055208
5503078.0
3332364.0
10026516
17658066
8270090.0
3936575.0
4456263.0
2456142.0
8365944.0
24589074
11920551
2604854.0
3154742.0
13050028
12926905
16189426
22213546
13402901
1.730104E+7
8836799.0
6090368.0
5077587.0
7616443.0
10684524
5393437.0
6611085.0
3210899.0
7773397.0
3708963.0
1.451541E+7
18797679
23608968
18606808
2462381.0
5214567.0
9566702.0
6854299.0
9682351.0
3696243.0
10416143
2072623.0
1562036.0
24941627
3884907.0
1302703.0
3563098.0
12502369
15830652
16246308
7059537.0
9686978.0
4869262.0
8360432.0
5595265.0
9305407.0
3513552.0
7197726.0
3687181.0
6896272.0
12371941
9270760.0
11807534
3189627.0
5236977.0
4434615.0
17603936
9075935.0
4898639.0
5380078.0
7920999.0
20023484
11572083
1571641.0
1.677977E+7
14995396
1938519.0
15797048
3654027.0
4880331.0
8565342.0
3364827.0
6279968.0
13211014
4091484.0
2336850.0
21137522
8953040.0
20728002
13715193
12782807
16291635
13282012
17122846
1.255169E+7
3218799.0
10111625
2468925.0
2476947.0
23438114
11046199
9494680.0
3443007.0
14515284
1.163714E+7
5392003.0
14761309
10244502
2938089.0
13704953
7633169.0
8091041.0
4757745.0
14142236
4301720.0
5455617.0
4907653.0
2397640.0
6955918.0
21265236
14085335
14731219
4099921.0
3327357.0
19426304
4520436.0
14829054
12200252
6869402.0
2631844.0
6880507.0
3712647.0
9241012.0
5137373.0
6968281.0
14197538
3624277.0
21753761
4613787.0
3752825.0
16992706
2139533.0
12814544
4472611.0
13454465
11261829
9131701.0
1691889.0
6417688.0
2156122.0
1.684637E+7
8691805.0
2227824.0
5251668.0
14487667
8648399.0
17057577
14509506
5951159.0
6567507.0
16812758
8068499.0
7928004.0
3418294.0
7898608.0
5825682.0
4568562.0
23895637
3784292.0
4355398.0
6823384.0
3791239.0
2.343965E+7
14065286
9965931.0
14855946
5272832.0
4297477.0
10928503
5101111.0
3547577.0
7762007.0
2.484348E+7
12223445
2725188.0
22036742
21044989
22069927
4956668.0
21185405
6969780.0
2736788.0
1.783726E+7
6462946.0
11809603
2850794.0
15078004
15222494
8966421.0
3116896.0
7414459.0
8990136.0
20769498
5651142.0
24836148
3557848.0
12645711
5030577.0
16543961
3666249.0
5679814.0
3845406.0
3448264.0
9991797.0
4285552.0
5135053.0
4536189.0
5232030.0
8983010.0
23604664
5707688.0
2104443.0
13730059
14764433
8736560.0
10031739
10775783
4383201.0
20633036
6161716.0
5208625.0
4803835.0
8916002.0
8164639.0
2.20732E+7
9970530.0
3987042.0
7988915.0
14490769
15077746
16545997
11014438
9710456.0
5389424.0
16013712
4314198.0
8887489.0
5098858.0
7014024.0
4818301.0
5114854.0
5503438.0
4080963.0
2202912.0
2437209.0
5283483.0
4939579.0
9088798.0
2875953.0
11722944
16308057
4868195.0
13536748
9124199.0
3901231.0
4169050.0
2479171.0
2849643.0
4780667.0
4070270.0
5152563.0
19688441
24685804
7389650.0
12672841
2467847.0
10124385
11769066
5171244.0
4116648.0
6208785.0
14391429
3360432.0
1610336.0
12485257
5087909.0
17789855
4165884.0
1979779.0
5228381.0
9334564.0
12180069
9719303.0
5316760.0
5656130.0
4307022.0
17325332
3409019.0
8731694.0
5487534.0
4833858.0
2720781.0
12994787
7175004.0
6806031.0
1.33267E+7
2979923.0
13548065
20874549
1.529101E+7
9531852.0
6003296.0
9830718.0
5210181.0
13719755
12990279
8942120.0
12526656
6031608.0
5708480.0
2974150.0
9179912.0
3902381.0
2511645.0
10754225
8050090.0
3991693.0
3588140.0
24656851
14661701
8196412.0
13794079
15202506
11088135
9714213.0
9897875.0
1283045.0
5994612.0
2456449.0
4372923.0
2745121.0
1880791.0
1.553382E+7
16881151
10508804
5804051.0
5896672.0
9881840.0
18592142
3220109.0
5619884.0
1.116756E+7
10405581
10342876
4008285.0
7987121.0
4480602.0
11286411
3057877.0
8714945.0
1837890.0
13189587
5822378.0
2709261.0
3534700.0
10403961
15654863
1665009.0
16224187
1.226616E+7
4680782.0
3126080.0
6058503.0
2323210.0
1665348.0
9030657.0
11460561
23672231
4079620.0
5162341.0
9385714.0
21280628
3868837.0
8460567.0
13405238
19484065
3184534.0
6084995.0
5150538.0
9522569.0
2382043.0
13962006
1431441.0
5805584.0
8606623.0
10727387
6787643.0
2457029.0
10560159
8133289.0
3409476.0
2667400.0
2914676.0
7378424.0
11556865
4586841.0
5917233.0
3879818.0
8632432.0
1820787.0
12114257
6183539.0
20751933
3589526.0
11731015
8105537.0
2758484.0
3393101.0
7135189.0
8027291.0
2441858.0
1652954.0
3216902.0
1861109.0
8886661.0
7159431.0
4215013.0
13502044
5418035.0
14925164
10335233
2198020.0
1290753.0
12823909
8677805.0
7716347.0
12217646
11039477
6333018.0
8535816.0
1147015.0
2816177.0
7790745.0
12675906
9957869.0
6705103.0
3441977.0
18513555
4853561.0
3726215.0
11871779
14493815
9464201.0
23317506
1.754789E+7
10765011
1.550809E+7
1.662537E+7
2751439.0
4532560.0
7150518.0
2793989.0
1.172032E+7
11635727
9511350.0
6297746.0
7027595.0
8832309.0
18914023
6432673.0
6665325.0
2237870.0
6874761.0
2261245.0
2151658.0
2967330.0
6132295.0
9364473.0
4710054.0
2338359.0
3197087.0
5453593.0
21986622
11847325
13303598
15749379
11539263
6022925.0
8149146.0
19973105
7622605.0
4928739.0
8409670.0
9406319.0
5450812.0
2.538395E+7
3658995.0
4380291.0
6627543.0
4102313.0
17266123
5924395.0
2927258.0
5899877.0
10791083
14355537
11641777
2748700.0
9435881.0
3842305.0
4126215.0
3147397.0
6571330.0
10190379
17671525
13992322
3417708.0
5986767.0
1.106181E+7
19918614
19237576
6531387.0
2302122.0
11699005
5466157.0
7947094.0
6637637.0
4402607.0
2793344.0
9070913.0
19290301
15040879
1.81443E+7
7570991.0
13348028
5707475.0
18592765
2738143.0
10307024
10106062
14838734
10275826
4829242.0
3799193.0
9324980.0
9770653.0
9421578.0
5525489.0
7477685.0
1999749.0
6009282.0
12357301
15999515
1.653668E+7
3718861.0
2730810.0
6909884.0
4655776.0
10278678
1913526.0
12243611
3006402.0
14715052
18632958
6766995.0
2365670.0
2832793.0
7120780.0
19052148
20808791
1.282256E+7
5211297.0
14032175
10112268
2120273.0
11010754
3075389.0
19484222
8688142.0
2994425.0
5709891.0
11988928
6016871.0
7220972.0
3115352.0
1867615.0
6047458.0
10625754
1836662.0
2030954.0
11478208
6134460.0
6059531.0
11865226
3661366.0
7630475.0
11178937
9487955.0
3091510.0
1473284.0
7417088.0
5066286.0
21230511
6520715.0
5685018.0
6305141.0
11189378
3506627.0
19741683
14752545
2110157.0
3136639.0
2488216.0
3422365.0
7040929.0
4621277.0
6270202.0
1776039.0
7655936.0
14853565
1917046.0
2551063.0
19116274
5708509.0
19906336
4612193.0
7583074.0
12412363
20158383
1122383.0
8420202.0
7990655.0
4293094.0
8856200.0
7371770.0
24710817
5272711.0
2261721.0
9893589.0
13501328
2056931.0
22717358
7371203.0
13209261
6921227.0
16508654
6081317.0
1.190817E+7
6454394.0
9173275.0
5024605.0
22655181
9711488.0
4020589.0
4510543.0
9748609.0
16867228
15955715
7760469.0
14881723
8612922.0
17541276
10865588
7024953.0
8769167.0
6636671.0
7449612.0
2342556.0
5508646.0
2547138.0
9390721.0
2.041027E+7
3880948.0
18657261
2407743.0
1.446831E+7
2489526.0
2458226.0
10416452
5156181.0
13275318
14435259
3139364.0
7686950.0
3863640.0
7386404.0
10554646
5761804.0
2.030675E+7
2076086.0
2663415.0
10634546
3983506.0
4896042.0
2127690.0
3975974.0
1633732.0
13285675
8478661.0
3691705.0
2457761.0
13280819
7007086.0
11823929
3322278.0
2351441.0
7829752.0
4536029.0
20998668
14071967
7385655.0
7473492.0
6022843.0
6812347.0
6870545.0
9914789.0
12181001
7585440.0
5570754.0
7735332.0
9335251.0
4973460.0
13060043
4884422.0
18793063
4071613.0
9841811.0
6285227.0
1.433647E+7
9282695.0
2742020.0
4214172.0
7693461.0
2880866.0
4422098.0
3807697.0
6017744.0
3510344.0
7225577.0
1.431278E+7
2333053.0
3591476.0
1.57928E+7
7425405.0
11088714
13887918
9214111.0
10116479
3166490.0
8938856.0
3876083.0
2301053.0
6463674.0
3779321.0
7467122.0
20978057
19636217
17635831
14906183
13691349
13303908
17999967
10441179
12365105
13784808
9341820.0
9458349.0
4432205.0
8323254.0
2403871.0
18047649
1.842859E+7
5234982.0
4827134.0
14213091
3983542.0
14477837
6141283.0
15409788
5089394.0
7414958.0
8243690.0
5784780.0
3202036.0
8997772.0
5944719.0
1683114.0
20070965
8465083.0
3820691.0
13556473
19451858
1.543502E+7
17958088
14425869
1820462.0
18252894
12442268
2106107.0
5310090.0
11159412
9224301.0
8974523.0
4456082.0
11573971
2294332.0
17035893
10171842
13693635
6584121.0
1.763061E+7
13835246
15012174
4571677.0
6533912.0
2555313.0
11997228
9309116.0
1916621.0
19094507
4418449.0
5816013.0
8156001.0
8161552.0
14863316
14678148
22107717
5021116.0
2600894.0
2415491.0
6145939.0
8262545.0
6638140.0
8778382.0
4899707.0
11017592
2742572.0
3661918.0
4368834.0
2474397.0
9333823.0
6914131.0
4649997.0
5238704.0
3042051.0
25839399
2642238.0
13338465
16317302
13466368
14284032
6714692.0
10454808
5220650.0
5182042.0
6319824.0
1863907.0
12174936
3401171.0
17909498
4260777.0
4360928.0
13797777
13744605
18981992
23252787
6507610.0
16033033
15399537
10385382
2211931.0
1.130539E+7
8441402.0
2731325.0
12991415
18875868
4491510.0
3669829.0
8274893.0
10860207
2767758.0
8301034.0
7534412.0
1.775252E+7
1737157.0
2247444.0
11824629
7410567.0
2602448.0
3716695.0
1.054309E+7
4246093.0
7228980.0
1131208.0
19173261
20011381
7882104.0
21125286
2784064.0
1.259829E+7
18988066
7285278.0
11976389
4963580.0
12468623
14169565
5746981.0
1810090.0
3282127.0
3557956.0
14894903
5390365.0
7413537.0
24512968
1.106626E+7
3153966.0
2319750.0
16449772
2674913.0
5956851.0
12333581
4706328.0
3530814.0
4665926.0
1.020786E+7
10925195
16073575
14816269
2984762.0
8198992.0
11743057
7295483.0
5230063.0
10692061
4959232.0
6430711.0
9730044.0
5724397.0
2823161.0
1551613.0
2887136.0
13076801
22489549
7320874.0
1477870.0
11322441
4229639.0
16045209
22373076
3778028.0
15547054
7197525.0
19027741
4294554.0
10976921
1903328.0
20822055
14256041
4236789.0
5185003.0
6046513.0
13204606
4230073.0
1633400.0
11201515
6957699.0
4309852.0
6744574.0
3374645.0
19165987
9996996.0
1.183002E+7
13141369
8205651.0
1649826.0
2775628.0
15727185
1.007432E+7
6999575.0
6941021.0
5697042.0
10927484
9050284.0
4558297.0
2266771.0
17643357
1.000038E+7
20353309
5234523.0
21942477
3385463.0
1.624816E+7
2755138.0
4622032.0
6612185.0
7671561.0
10063254
11538005
20209805
5374803.0
1468532.0
3640607.0
11959325
15979042
20292955
16059054
6066900.0
2202235.0
4573951.0
4186269.0
3200355.0
5438951.0
8143546.0
1879628.0
3041578.0
18435828
2046644.0
14853533
1.639207E+7
24655224
11654414
16866016
12287786
10118127
3177747.0
11598164
8836457.0
7404884.0
2940848.0
11553978
4474145.0
13182905
6197508.0
7983413.0
12779557
6006432.0
13546409
18720614
1768584.0
16480824
7251557.0
9302226.0
11430986
1518154.0
3058325.0
4666585.0
2795203.0
4326838.0
6128553.0
5913983.0
25081009
19740988
11011241
19849547
17895409
13532869
6096655.0
19588388
8412766.0
6660126.0
7223857.0
9609474.0
5178644.0
7431676.0
2409616.0
7002006.0
1.984648E+7
11159315
14406003
20972722
4909824.0
15669057
14009109
4669395.0
5239472.0
5485651.0
6739653.0
11819477
3037817.0
1502504.0
7362890.0
2647169.0
8702560.0
6868552.0
9788543.0
10083167
1640654.0
22279819
5545644.0
4369077.0
10239881
15311833
11113211
18831152
2559457.0
9147731.0
7492053.0
14803546
5177450.0
2530302.0
10879322
3368270.0
1.136891E+7
3973069.0
2990270.0
1637668.0
8831357.0
4711427.0
21015969
3741200.0
7711535.0
4479406.0
12065151
16154093
9118138.0
8373040.0
13327695
1951337.0
5446238.0
1254038.0
4412709.0
5174607.0
4544953.0
2.271748E+7
23197147
20633865
11631328
2067910.0
21125346
16479009
3470435.0
1934897.0
12484915
8750503.0
3157503.0
6710803.0
11225846
3612890.0
18127264
12689856
13695417
16964205
1.001029E+7
2373738.0
13118994
19958602
3313594.0
5547535.0
4540765.0
2515045.0
7341929.0
6583384.0
2316538.0
5823940.0
2359406.0
4955729.0
4534755.0
7034795.0
14122923
17802712
5699396.0
10645744
11581148
1.029638E+7
5178843.0
8065280.0
3497437.0
8094727.0
4258863.0
2020296.0
4823993.0
7277575.0
4561421.0
15035528
2152124.0
16335147
7354130.0
7169643.0
10648987
3439715.0
13072785
8011434.0
1511184.0
1383675.0
4174037.0
2597361.0
2275538.0
9774282.0
5461917.0
3286246.0
20823969
2385598.0
5593516.0
7086267.0
3306770.0
14783495
17416315
11082028
10675177
3333970.0
6321865.0
11439546
13445361
14300288
8360661.0
4077178.0
6658476.0
13096792
12352436
9526174.0
13752279
13326111
4668441.0
15209942
7707120.0
3289624.0
1069652.0
3981025.0
20321289
5683523.0
8970410.0
6795721.0
14313024
19559159
10801272
4169166.0
5485537.0
2521387.0
13319181
11957327
4376747.0
4928337.0
4394721.0
2895833.0
7679915.0
12233809
3759993.0
2368718.0
2401350.0
7421836.0
1858234.0
18017279
3239309.0
4367197.0
9467912.0
10831424
4886922.0
8599815.0
1814618.0
5241064.0
6893154.0
6185168.0
5481308.0
4041029.0
6262234.0
12447339
7499407.0
6066569.0
11385205
11158307
6115375.0
2813705.0
1.445477E+7
13842796
8305136.0
14216569
2110885.0
13036419
4886099.0
6362468.0
19665449
15506574
2017213.0
4596891.0
9764769.0
12563698
1.838342E+7
1968407.0
6165378.0
4575489.0
16070038
1957578.0
3218448.0
5590495.0
3533285.0
4537417.0
17219848
15055915
3911470.0
17501813
12423347
16838681
2432793.0
15279486
10698725
7516219.0
1921596.0
9797301.0
3547534.0
5576080.0
7327256.0
5398626.0
8197173.0
14458044
7058951.0
11905899
13164672
18517022
4599483.0
11412884
7760037.0
11414971
8296264.0
4993508.0
2567284.0
7171007.0
15045156
9684214.0
4846373.0
7487380.0
9416708.0
3849814.0
17841557
3025084.0
18011519
6305678.0
2.118889E+7
11026715
21451965
2384833.0
6280752.0
8049050.0
10312361
2023034.0
19126447
21282447
2629712.0
6985021.0
10401849
3975757.0
3502098.0
9887751.0
11861711
15223992
12610164
9819753.0
3437745.0
13417488
15691715
8311784.0
15077208
6585756.0
5482169.0
4051103.0
5850061.0
3436639.0
4353645.0
4241148.0
17667988
3559053.0
2291860.0
1.951462E+7
16177749
8451078.0
17667909
6530934.0
7654567.0
6672539.0
14733411
4813495.0
9897277.0
3016676.0
5780155.0
6504918.0
1.926801E+7
7926827.0
2796212.0
2928411.0
11194246
1.593986E+7
5871815.0
20835872
7941078.0
6153757.0
16954518
6831153.0
3453209.0
1528737.0
7926049.0
2582621.0
13986355
28321532
3771931.0
25185698
1654044.0
21349723
17698831
14665912
3918009.0
2806554.0
3761717.0
1.43379E+7
5845580.0
6988533.0
8650745.0
4809057.0
2748093.0
19935616
1259507.0
2624830.0
14651291
23004748
12619919
16919089
5576947.0
12517086
10171072
1.017519E+7
1815530.0
6623704.0
4648084.0
11869794
3556767.0
22236177
9377118.0
9839632.0
10378813
8593933.0
22289521
2540330.0
5997423.0
3401545.0
1.320728E+7
12902632
10034909
3017900.0
9480506.0
3275213.0
9050491.0
2665156.0
3289798.0
9509164.0
18388571
15664633
1524228.0
23124562
10001411
11809672
11005727
2231192.0
1382769.0
4548089.0
7215628.0
2767391.0
8910927.0
3816389.0
1.196872E+7
5704559.0
3799818.0
17850869
11882041
4046569.0
15192462
12167906
7049489.0
17138806
10701434
8547470.0
1.269859E+7
9861350.0
12199808
15507825
10932474
2096521.0
8155766.0
4218172.0
7870507.0
6602203.0
6114821.0
13972648
1323849.0
1662436.0
12998989
11652691
26089533
11846001
6270346.0
7522263.0
1.337904E+7
9907261.0
7835570.0
11603632
8958138.0
2981907.0
5196365.0
11625706
5227193.0
5668907.0
7586746.0
3207770.0
23463103
20288447
6976545.0
11591116
3386357.0
11827682
2374131.0
5944697.0
12251689
11800365
5460169.0
4854773.0
4939825.0
1960924.0
14812067
1.366555E+7
7779749.0
2610275.0
8491622.0
3868574.0
9120005.0
6855977.0
3942199.0
8854204.0
13196201
14340036
8979532.0
4522014.0
4722534.0
6941844.0
17899382
5796444.0
5387196.0
15092768
9075022.0
12706743
2384283.0
6918620.0
16587303
13863654
15287952
12477657
1625646.0
6322633.0
2449446.0
8485450.0
4525711.0
7617764.0
2813140.0
16574945
17307199
20646027
5548095.0
20995754
12218754
12857852
2528330.0
9342920.0
2053816.0
2681166.0
4586368.0
8626730.0
4744824.0
9671661.0
6867439.0
7325755.0
2673270.0
10373624
7320997.0
21136085
8474321.0
3085378.0
10725537
9736376.0
12077268
4963699.0
6434582.0
10871484
20662806
1.876314E+7
4707952.0
6912101.0
18841936
7017557.0
5209044.0
10329607
15227827
14748421
4140173.0
5241837.0
6923341.0
3484840.0
5596004.0
2071666.0
1891082.0
3128769.0
14453731
12100283
1982002.0
4698751.0
12638832
11313941
21367328
23246798
4684579.0
4844477.0
2766397.0
13553651
20104864
13520943
11530926
9403191.0
8834977.0
8710122.0
2196803.0
8042705.0
4201222.0
7083112.0
9174012.0
15149548
5536522.0
23848579
1.636297E+7
9819804.0
8733626.0
2755690.0
14993627
9448558.0
4473682.0
17801558
5241440.0
5459801.0
9649197.0
11627073
2664822.0
2423334.0
8877428.0
10442099
6437337.0
14823042
23127894
5300552.0
2554001.0
16955212
2789020.0
16281468
9740372.0
2598983.0
6152823.0
5591748.0
5863827.0
4447663.0
6412902.0
3780926.0
5704122.0
21102131
13043784
6330940.0
2731716.0
2893714.0
22527417
11865125
10762311
2265779.0
4722774.0
15771211
3094788.0
7097767.0
7030691.0
2440853.0
10271712
22526989
6990714.0
2823091.0
4142527.0
16489416
8361221.0
14315763
4898750.0
7737853.0
4560777.0
2088927.0
4661646.0
5683857.0
4559865.0
3652739.0
2967650.0
2110882.0
1.507773E+7
14123925
2229324.0
1.668908E+7
15176293
2923388.0
6872909.0
4435210.0
2610129.0
5246455.0
8916970.0
7380077.0
5966175.0
1798523.0
7291125.0
20884024
7059888.0
7409681.0
18582637
17350721
8828041.0
15491644
4963467.0
3229877.0
16416999
9414300.0
8432260.0
7878282.0
4885480.0
6017030.0
4476254.0
13275565
6460730.0
1465229.0
10183794
7754613.0
4887299.0
3067190.0
8857759.0
17275496
7225044.0
12642312
6820987.0
2062803.0
11624868
10017082
8584182.0
4689800.0
6314924.0
5507850.0
14541297
2637722.0
14754348
10979359
13921109
16259454
12703562
18287862
10504963
3461881.0
7925751.0
1428041.0
6506166.0
3627213.0
7446531.0
3436793.0
29069937
2451079.0
6179077.0
4614867.0
7699901.0
9736057.0
3706100.0
17895626
10168958
5389343.0
1.083667E+7
2218014.0
4168250.0
8087689.0
8338972.0
10404332
22025857
7241039.0
3752740.0
6748311.0
16630545
13824501
3115285.0
18705029
1.214688E+7
11304595
17670413
2364717.0
3990654.0
4010831.0
11351314
5332477.0
6009505.0
4190257.0
7694318.0
1543764.0
19689071
2071443.0
17016239
14170114
17333627
15962326
11180174
7913358.0
3428252.0
3286546.0
10212284
3248322.0
6974019.0
9710398.0
9345778.0
3432699.0
8851299.0
9453197.0
3104151.0
14677553
5598230.0
10789893
13064466
2278906.0
8513837.0
8380602.0
5390375.0
9750559.0
2235790.0
6115065.0
7753386.0
2474698.0
15693129
10950296
6258018.0
14424146
4641892.0
11762342
3927340.0
8251747.0
7118745.0
5549259.0
13309237
4266707.0
8903707.0
2983965.0
3467146.0
6667789.0
11802673
23607228
19618859
10027292
11005909
8662151.0
18355603
3624133.0
5680941.0
4156287.0
5468207.0
10710131
8010292.0
2797245.0
3582743.0
5214189.0
3674614.0
2659933.0
9929509.0
5623414.0
4172937.0
19830804
5458198.0
5068422.0
6942295.0
18695342
23649213
2058553.0
5039736.0
1.312199E+7
15182449
10868897
11026191
2543237.0
3435387.0
3778358.0
26513458
6457648.0
7057513.0
5655335.0
8206301.0
12277596
11322984
16633021
6587596.0
8425247.0
20830678
8934900.0
8877697.0
4315788.0
10141205
13028604
9342798.0
7051152.0
5650189.0
9089816.0
14797245
14321283
2400739.0
1.358222E+7
10434886
14289135
6445317.0
3255198.0
8181558.0
11843746
17043851
6453801.0
2739370.0
2615934.0
10564083
6148588.0
13527403
5630623.0
13778002
2927945.0
1.22272E+7
10021426
5415388.0
15535403
7231327.0
3494400.0
3045520.0
13781924
7010603.0
6213469.0
3895385.0
11566952
4589766.0
21893248
3920917.0
5720239.0
14821775
12073766
3344430.0
4338821.0
8926430.0
1.378328E+7
3176072.0
13021651
3165652.0
1916022.0
6584457.0
6893262.0
7141666.0
17733259
2596531.0
22247691
1.865909E+7
18327114
7283346.0
14199743
10959759
4564583.0
10460788
15248399
5103331.0
9272423.0
15366322
12499061
6025058.0
1208516.0
8230787.0
5793301.0
2257922.0
1545639.0
6896791.0
6099876.0
9005266.0
6528157.0
20025146
15219317
8746064.0
3405129.0
3124902.0
4928464.0
2187856.0
2.251301E+7
8249021.0
5331077.0
4642159.0
5138779.0
10216221
9962506.0
4250121.0
3631308.0
5355695.0
2.266244E+7
1.898234E+7
7041018.0
16614572
10513048
8645924.0
6162757.0
4742367.0
2128733.0
1674843.0
1313999.0
11512413
3495201.0
9512176.0
2892247.0
5098926.0
9873598.0
3701377.0
19363161
17562808
16879454
1764258.0
2492956.0
15620589
5521712.0
6686415.0
6784214.0
7052447.0
4906896.0
5819506.0
15884037
11084941
6157981.0
12457384
16479981
8509311.0
12725936
1.229765E+7
1.623533E+7
12553386
20309599
2766000.0
6885382.0
5091805.0
5374678.0
26306513
5622127.0
5683198.0
3310302.0
15348898
17243747
3067745.0
8025305.0
7593023.0
5261554.0
10975159
2438859.0
11513844
7219214.0
8306037.0
7124280.0
3269299.0
7854292.0
6330313.0
4332310.0
6917663.0
7343390.0
23494086
10989693
4893986.0
3724173.0
3734368.0
18066849
14659677
1929528.0
4471172.0
8115019.0
4870580.0
7051163.0
6376227.0
2581534.0
4096342.0
2639976.0
11261085
1.036485E+7
5796790.0
5366145.0
11785238
11046291
3496143.0
4219359.0
4105252.0
13135931
6074901.0
7007641.0
10325271
10146368
3747254.0
2646371.0
1980554.0
3639676.0
17570146
26542243
4188961.0
16820921
13287794
6452123.0
13860952
1917669.0
6513168.0
2005858.0
9761189.0
5777603.0
4153816.0
3135106.0
3369177.0
8274465.0
13013382
8183298.0
7214394.0
7718568.0
4341441.0
2597830.0
6576606.0
18768585
10595643
7621880.0
2650034.0
1.780417E+7
11997998
1.229074E+7
5870185.0
13225853
5916597.0
4788420.0
15593353
5348242.0
9073243.0
11943166
24767422
4731679.0
7976241.0
9176493.0
3113746.0
1.673156E+7
11887803
7023070.0
10187421
10550176
6731741.0
17752892
8782102.0
3629254.0
13174984
14547856
3047405.0
3656239.0
1.201364E+7
9908446.0
15201272
5884053.0
8339497.0
9959892.0
5558116.0
14400957
9843181.0
4879183.0
1.250001E+7
1842815.0
15407426
11560137
1985121.0
19864595
1.934582E+7
13859032
12526874
20207707
4988803.0
13313511
10639313
6192861.0
5741838.0
3410993.0
10577658
2032980.0
15860012
10515649
4663484.0
3411291.0
14004086
19103335
20656064
17094307
15677269
3357362.0
11332544
9001727.0
8701802.0
2294875.0
4714016.0
11693129
16513088
12323438
4123759.0
4330796.0
12728892
18825373
15689525
18074212
2173992.0
8451747.0
1755183.0
6725640.0
2390771.0
9645003.0
6021491.0
11857018
8893604.0
6694302.0
1910674.0
4778549.0
3135316.0
3441767.0
16400444
6158756.0
12163587
1.281E+7
4887721.0
7092714.0
8241653.0
3150283.0
12494891
7160665.0
6886722.0
25650189
4537163.0
4505420.0
11138378
7400658.0
23348072
18656105
23792432
11677721
5779673.0
19597519
8563103.0
2013389.0
6206422.0
11878831
2215462.0
1649001.0
9644526.0
9061437.0
4698698.0
15048348
8049357.0
1338162.0
7517506.0
21372661
2987186.0
11522959
3735985.0
14520601
1800570.0
16184846
4711925.0
7788510.0
5178971.0
8661001.0
6291552.0
25176325
5165972.0
1532506.0
3344257.0
4114587.0
18125974
19912307
11454736
8913658.0
3928106.0
7433429.0
4474397.0
6755000.0
15539508
2727165.0
5626754.0
2453389.0
7555012.0
2217743.0
6313284.0
9198272.0
1467087.0
7598127.0
6976432.0
17550958
3226594.0
15865084
8212014.0
11242648
7726925.0
3106637.0
2989381.0
3429419.0
2494621.0
8143225.0
8903676.0
22269464
2508802.0
4918107.0
11430786
15761317
3546916.0
14155524
11841713
14535745
5259540.0
12164745
2314476.0
11072607
6808376.0
8794300.0
20647199
4411107.0
6458984.0
5306119.0
11752733
10979237
1.848454E+7
7377231.0
