15417394
8267725.0
14063504
5861653.0
6822829.0
4861859.0
3628217.0
2960893.0
4074668.0
6110015.0
12431386
13398063
10148137
2443908.0
2495378.0
4969959.0
11650756
8738600.0
23814413
15502881
4834889.0
8589997.0
2146429.0
19651966
3796204.0
8040154.0
12161348
11840932
8528202.0
1127028.0
10674689
7605933.0
4247898.0
11544406
4508847.0
4210356.0
12616203
7178075.0
19436449
10027266
7022131.0
1.058548E+7
10327057
11062274
6270221.0
5324988.0
8162257.0
2440593.0
11887146
23732897
3813728.0
1678066.0
8804891.0
3266237.0
20479908
7587027.0
10712911
12281817
3347925.0
8416771.0
5883167.0
6010639.0
7715288.0
1.031736E+7
2223869.0
20977749
8950654.0
5077549.0
6386794.0
13791428
3857401.0
18532385
6799219.0
11290546
27987528
5366810.0
9293667.0
10720686
13205989
15268399
4100096.0
1924742.0
6629682.0
1276426.0
23163747
21455428
19708466
10227769
8785946.0
3969430.0
1092939.0
2404397.0
4492948.0
5613891.0
3075444.0
6120666.0
7418960.0
4615403.0
4723148.0
4720058.0
8899821.0
3484335.0
6231245.0
6111723.0
12016931
2419949.0
6360674.0
2242828.0
3384693.0
7080460.0
7325682.0
12114724
6568789.0
8585502.0
8312591.0
5424986.0
6220905.0
6251268.0
3642959.0
1.039527E+7
1900186.0
11028712
4878805.0
17268161
5789933.0
10258379
16787564
6435771.0
7139778.0
9349753.0
12839762
18491773
9203150.0
9677032.0
15876301
10085311
6801874.0
15421206
11308087
6349022.0
2422248.0
17293313
19792719
26647643
4625108.0
12753788
11037187
4951445.0
10773901
4039067.0
9665045.0
2116543.0
7393766.0
20681183
4484034.0
2874651.0
16624456
20830031
6125277.0
11300823
7517733.0
4421535.0
15932998
13847138
2137527.0
9100678.0
7983174.0
2026008.0
7369838.0
3385845.0
2175461.0
6072085.0
2600239.0
22145309
7523127.0
3723557.0
9252047.0
10900753
18633611
14332981
8215082.0
2865866.0
5441897.0
2978828.0
9270545.0
2866867.0
2850587.0
3317755.0
26876275
5075789.0
6248986.0
14152344
19119503
1.198933E+7
5758846.0
8396818.0
9029176.0
6207770.0
11793302
1.632792E+7
9154968.0
4109934.0
7847513.0
4938407.0
26762103
8782732.0
3769853.0
6249972.0
10087121
7708072.0
1.091931E+7
2271474.0
4106843.0
7364361.0
12833196
10107171
5447051.0
2535359.0
3041538.0
8245519.0
16447578
12855722
3137672.0
5990053.0
3498184.0
4806563.0
4878179.0
2628597.0
25288388
19590814
10684155
15427758
13631401
3650288.0
1.527464E+7
8175238.0
3282419.0
13493866
5565114.0
3839425.0
1543426.0
4893430.0
5000068.0
3093774.0
7136653.0
15517829
4880668.0
21743512
13389731
10566531
17171858
2029847.0
11804715
6201578.0
12755087
11146992
8297379.0
2089080.0
7619342.0
2214993.0
3144201.0
21211139
2014756.0
9134226.0
10015279
7027971.0
15393147
4331720.0
1916519.0
1.297171E+7
1991712.0
20130111
2979634.0
7512339.0
5372149.0
4995719.0
7739678.0
21512953
2158220.0
22690812
3064502.0
10357014
12536716
1854129.0
1.19673E+7
4982166.0
5683243.0
13337539
5793730.0
7780527.0
10726459
2801234.0
7307250.0
7810602.0
6880239.0
9747169.0
3302316.0
2304462.0
7200395.0
7221127.0
10979164
2242925.0
15333368
9497793.0
3456309.0
1832435.0
9994930.0
3630612.0
18091151
10173189
3979739.0
4458395.0
6291311.0
11789845
2150359.0
3541879.0
17352931
7022523.0
9869109.0
5312851.0
6087242.0
2257485.0
3547457.0
2954918.0
6204541.0
2403038.0
3966975.0
6166622.0
2200835.0
13714814
2177966.0
24064215
4047578.0
8250234.0
17451259
2369924.0
4989492.0
2154056.0
6823923.0
13363462
1755352.0
13157209
4803115.0
2406373.0
19092322
3714943.0
4047856.0
3633943.0
6715865.0
2606979.0
1.575E+7
1.633634E+7
1965825.0
4244476.0
9991439.0
7622113.0
6582114.0
11390674
3466133.0
2032790.0
6578498.0
13214746
2.421807E+7
22210972
4636986.0
8264051.0
16146815
12113858
8764793.0
10905457
1810626.0
6376287.0
3331419.0
2533383.0
2262431.0
3849876.0
2719324.0
4754512.0
14993208
21847027
10669297
8656929.0
3181154.0
16750221
3984148.0
7311246.0
7222037.0
14028382
7982176.0
3429299.0
4522763.0
10749146
10552496
22378325
3005501.0
1538371.0
14982227
10005362
2242869.0
21283877
14089307
7309602.0
15793342
8744631.0
2193737.0
6421035.0
6530661.0
2016490.0
23300164
2264822.0
24583832
18078841
1.299048E+7
3165451.0
8625828.0
2195562.0
20938542
2478124.0
12229257
5352714.0
1877488.0
7053998.0
4876946.0
11039229
11488459
15110314
2962230.0
3011043.0
4746365.0
15610928
5114820.0
18801201
4900811.0
2025641.0
2.07741E+7
11777982
5044487.0
4422201.0
12185981
3346960.0
21552024
9763075.0
6956457.0
2701763.0
8373171.0
6605928.0
17607124
11488318
4731537.0
15930463
8330958.0
11446697
4613259.0
4780740.0
7232723.0
2025138.0
3036665.0
1660471.0
3405317.0
4648377.0
9328917.0
6050277.0
12005056
11897817
11034893
13402655
8893849.0
2942747.0
2355676.0
9244230.0
12604653
3079836.0
3065004.0
21458943
7688191.0
7291748.0
17456671
18408093
7724825.0
2905221.0
1885029.0
13367647
1438501.0
6619105.0
11373403
1.519536E+7
14641391
9454443.0
4415468.0
9359505.0
10811321
3368792.0
6042820.0
8788166.0
6794800.0
3006979.0
8390557.0
20400516
4626393.0
19300386
1543463.0
11036333
1.371156E+7
14087071
19433635
3123007.0
3223192.0
13007086
3952989.0
4897360.0
8916494.0
2281422.0
5237702.0
12540561
1647922.0
6234230.0
4301115.0
5799242.0
2230014.0
7540705.0
5309536.0
15961686
11421098
7846107.0
3195231.0
4885904.0
12332267
8789012.0
16796923
2.538452E+7
7455884.0
4710262.0
24730368
15693254
17353228
6088822.0
9475236.0
4512037.0
3795465.0
18841303
8499522.0
2695994.0
3489231.0
5434518.0
5023717.0
7383296.0
9833752.0
2133016.0
20180046
18963809
14516741
22380042
10403791
8953491.0
8373753.0
15250343
3099561.0
1649135.0
1.445089E+7
10650779
1086325.0
6040862.0
5494736.0
7241182.0
12060965
4253461.0
6351880.0
3233259.0
10482712
4109119.0
1.539349E+7
8062937.0
13787752
12242562
6595877.0
5512685.0
6302815.0
5984786.0
2940707.0
5729974.0
25711856
11155563
4135823.0
1804381.0
17720672
2523317.0
21231629
4203262.0
11435031
10889344
7588073.0
14826947
6491418.0
3640246.0
9118984.0
2806662.0
22544853
16484991
7199515.0
13414868
4874346.0
15790953
10913797
13909663
6953150.0
1.332113E+7
14035578
5271606.0
17875308
9636328.0
13719659
17814857
1.144094E+7
12781225
8798186.0
1642615.0
5163874.0
6503876.0
3624139.0
3001929.0
16478007
16468317
9168771.0
11443981
23718628
2723552.0
13812096
5930631.0
2424870.0
8408890.0
1872081.0
12268489
4173381.0
2668327.0
12984569
3629413.0
18327481
6404625.0
3974200.0
2830879.0
6098233.0
14915488
9858073.0
9969783.0
5478243.0
4769994.0
6951546.0
3751596.0
5519259.0
3353013.0
9846335.0
6679407.0
14624759
21241319
4129642.0
1004644.0
8818405.0
8330481.0
11192498
13613997
8754642.0
3718300.0
5844826.0
15641329
8903867.0
3504100.0
4323981.0
4120299.0
4091807.0
5302671.0
4519479.0
17829176
3266896.0
1.430234E+7
21013516
4542526.0
4586416.0
8033409.0
1.037163E+7
1839760.0
7718810.0
9620650.0
6229751.0
11518123
5567138.0
20004162
5350684.0
6412015.0
5143420.0
22089076
10827927
8910652.0
6484605.0
2521945.0
11153047
2794652.0
6436478.0
2172580.0
8566608.0
6417636.0
1503071.0
22999346
1505427.0
7909299.0
19575016
6168716.0
1640611.0
4096885.0
11073471
6751266.0
2738805.0
16911115
11285253
9566431.0
4144596.0
9811284.0
6568513.0
1976112.0
5957173.0
2202396.0
8983662.0
6591939.0
18104097
8387071.0
17424157
1595681.0
14009734
6231517.0
8491125.0
10242286
4138525.0
14274777
7340301.0
3652730.0
7262616.0
2929143.0
10313588
4952981.0
1960651.0
12540353
11252318
2305044.0
9209331.0
1834419.0
3423421.0
4438997.0
7957433.0
14510729
4662916.0
6270778.0
2669635.0
15964576
7463753.0
3647498.0
8531567.0
1448312.0
8872978.0
8316898.0
2495704.0
2019515.0
1726872.0
5761739.0
8717953.0
10294775
1773532.0
9497284.0
13690689
4227309.0
9527852.0
9937891.0
7514424.0
14917784
1497796.0
2152716.0
8508449.0
8394722.0
12048187
14814769
4056742.0
10967373
5489458.0
12509644
15875316
16718795
8560238.0
3063430.0
11487738
4690721.0
4380181.0
9133740.0
7833844.0
2339009.0
21738843
2388039.0
2.204329E+7
6081296.0
4673902.0
6188646.0
3018732.0
2904178.0
11421834
12615539
4008022.0
8238657.0
6935108.0
7657048.0
1855307.0
9750878.0
18270951
12955065
8974905.0
10363974
16091919
6032409.0
4985405.0
10781925
5220699.0
11652569
11129268
9352156.0
1882917.0
7131767.0
12827579
5627526.0
22855365
11665381
3296136.0
22792879
12088266
13866653
21219501
9888778.0
8000347.0
4311697.0
14355254
16609059
11711573
5359838.0
11056465
11019858
3913469.0
5027489.0
8232704.0
4971641.0
12312044
4208417.0
6645538.0
1776572.0
8828778.0
3116673.0
11749645
14477932
7313220.0
7750841.0
5464672.0
5213513.0
17168858
5344742.0
5604681.0
4400063.0
19557236
15947791
6798628.0
20189695
1.821087E+7
9998433.0
9320000.0
15474015
11407288
4244177.0
13919957
1.17724E+7
6266516.0
1521344.0
7017402.0
5188252.0
22702422
4608186.0
5593592.0
3003618.0
17591276
7519545.0
17523915
2580618.0
11765574
4500124.0
17195221
4255023.0
5101354.0
5944631.0
12013959
6003349.0
14653361
2526420.0
5820837.0
26504603
6600841.0
15748723
6435258.0
8104050.0
3732635.0
7059029.0
2191094.0
4592704.0
4025538.0
8881594.0
14345728
11249569
2264869.0
5897633.0
11725336
6097320.0
1585926.0
5464957.0
21566882
5783931.0
4990251.0
8230333.0
19664557
7521204.0
6568331.0
4554619.0
8312273.0
8917228.0
5464736.0
1694995.0
3145096.0
7603688.0
6969470.0
17975503
24639307
12931557
3041894.0
10955488
23910286
19055575
10705038
4502869.0
2729031.0
2384395.0
9723201.0
5475563.0
1887357.0
5677449.0
16106156
3972131.0
1565612.0
14458145
10343064
7198461.0
8681459.0
2780346.0
2767695.0
6648235.0
5335616.0
3393896.0
2597398.0
2105131.0
2724777.0
6446412.0
3574899.0
6147269.0
6818422.0
3842153.0
2847157.0
16540581
1.602561E+7
20651547
2141128.0
1.459102E+7
2691389.0
5913060.0
5586740.0
2005319.0
7087841.0
7589367.0
3037213.0
4119842.0
3644248.0
10445698
2100263.0
16174915
8557067.0
14995229
2680455.0
5572820.0
7479842.0
11858639
2388531.0
7540424.0
8760964.0
5354040.0
3513928.0
7960434.0
4846384.0
6702024.0
8130451.0
4373875.0
7507490.0
6515955.0
15260223
20725574
1908427.0
19998815
1.583188E+7
12741891
16778207
5930591.0
4030250.0
6142391.0
5079172.0
17493222
4676744.0
3615877.0
2787923.0
1799425.0
15541074
3846482.0
24628395
6369825.0
5825049.0
11161888
8098522.0
19650446
7830477.0
10268243
12949898
16606702
9022250.0
7290217.0
4401779.0
9660966.0
7649353.0
20388313
5287933.0
2349394.0
24714619
8935931.0
9443424.0
7209037.0
12902965
5651519.0
7974990.0
5158295.0
2162510.0
2807567.0
4540982.0
8665309.0
8423683.0
8327625.0
2743106.0
10191791
24836539
10683059
8984419.0
10624223
9605977.0
5778671.0
4759220.0
1.309961E+7
4542072.0
2493763.0
12131589
13478512
8132168.0
20919287
9318482.0
3529208.0
17654601
9430662.0
17854217
21352073
6215390.0
4355225.0
6672803.0
5669877.0
3214467.0
6454476.0
8987795.0
8902046.0
18283827
14515527
3829495.0
1598444.0
3288447.0
16407652
6954077.0
15067511
5468861.0
2145789.0
11683134
6635801.0
7336741.0
6993001.0
6988902.0
5319632.0
3810543.0
915086.0
7258521.0
2648542.0
20014395
16886851
3711905.0
24215564
11459137
2086839.0
4834006.0
1902169.0
10816483
9560732.0
4455312.0
3973730.0
4348525.0
4784081.0
5733318.0
4678431.0
2.246241E+7
7925063.0
16714694
7161836.0
17219221
22384884
9792996.0
7129964.0
7426910.0
6957049.0
1.952511E+7
17363872
10420358
12905241
14942552
23131687
9239022.0
3823275.0
3339463.0
1.320579E+7
24352268
1.888357E+7
5262086.0
4309833.0
15341385
15352287
6113645.0
8426746.0
4213803.0
8850473.0
13551996
1.192514E+7
6600774.0
8977537.0
8628549.0
7432796.0
1629141.0
3696723.0
9888630.0
6924528.0
18490564
14549151
11290628
13559398
9086557.0
5115660.0
9419218.0
11774581
1871125.0
1592918.0
13923577
7759453.0
4703610.0
18859594
9865147.0
6605620.0
19447325
3953971.0
24294011
6702271.0
2158154.0
1.565049E+7
7583577.0
10979839
3022148.0
2890866.0
7281203.0
11365316
4591647.0
5800985.0
2009479.0
10422079
13731061
22010637
5383144.0
19259187
7578537.0
2115937.0
10321707
2556042.0
14837061
7344795.0
13390114
13005766
4419852.0
3486927.0
12237214
6375056.0
9010853.0
6327733.0
3808028.0
14401363
4481451.0
11619604
16306244
16708503
3214964.0
6509729.0
4885740.0
1.205104E+7
8719949.0
10974691
4229110.0
1.079501E+7
2482356.0
20046059
5013767.0
1802922.0
8824557.0
10233865
4604663.0
6225681.0
7246495.0
3152680.0
15999644
8813334.0
7415573.0
2369248.0
8250463.0
7715577.0
2929670.0
27215828
9290242.0
4839779.0
20920969
5398391.0
9366431.0
12053394
4159136.0
9610580.0
12557531
1.119226E+7
15070151
4075288.0
24623567
5987189.0
6660215.0
2280729.0
16070026
5328075.0
8386530.0
1872001.0
4885799.0
6862695.0
4434474.0
9027336.0
5884702.0
18338908
6018867.0
8205491.0
4902557.0
10160729
11921323
1744844.0
9260734.0
2198483.0
9208636.0
5450851.0
5227345.0
7732911.0
9512116.0
6461048.0
2289817.0
22492461
19494988
2741235.0
1.844044E+7
19879191
7911603.0
14792513
6233958.0
12187904
1933113.0
1664055.0
11974964
7847229.0
5494310.0
9773871.0
2388220.0
6592865.0
12845572
4385426.0
19051136
16740885
5051714.0
6477772.0
18405295
2874882.0
4328025.0
2998632.0
15606861
8585148.0
21728369
5763388.0
4393886.0
4344370.0
7009952.0
1.61535E+7
1.894592E+7
5408830.0
2575864.0
13747861
6281797.0
10652706
9360323.0
2263513.0
10751731
12405317
3767491.0
3972122.0
10152547
9370642.0
8892881.0
7343391.0
5666561.0
16602729
4836056.0
17266392
8694484.0
11836973
3982781.0
15587924
2065714.0
7259332.0
3165155.0
23618021
9098139.0
1776971.0
3850882.0
8087697.0
5751732.0
10241357
2.127396E+7
2556621.0
15539051
19979622
12114282
5439395.0
17030495
15333977
3924383.0
6913265.0
8771775.0
2457959.0
9474330.0
2883635.0
14151263
2071178.0
2322794.0
16606806
10660553
5447296.0
2178807.0
8575723.0
8528526.0
11570573
1192226.0
3944887.0
4911484.0
2297472.0
6502333.0
5833331.0
2596477.0
2085668.0
2916666.0
10124211
7406888.0
2.53172E+7
13134235
17412548
20218031
10807411
4822282.0
12155664
3328811.0
7885031.0
5372388.0
26502967
8892453.0
5432166.0
8243137.0
16671075
15562245
18203659
6694540.0
4825731.0
11860656
11557239
10966015
8337713.0
8211925.0
5686656.0
3905687.0
4529100.0
9475994.0
5135982.0
21357564
11641984
2089237.0
3267361.0
9354872.0
4276968.0
14916415
7050235.0
13527481
1963320.0
2629497.0
1.020262E+7
4766928.0
6886063.0
1711018.0
9465757.0
15204976
13099341
2104773.0
23513328
7005675.0
3093510.0
14695322
9321003.0
8958505.0
8197114.0
5042926.0
12853699
6213343.0
6240969.0
8689602.0
5539516.0
3973419.0
4857588.0
1832735.0
3840830.0
9571907.0
9597746.0
25377423
5160638.0
11154761
9267392.0
7162942.0
8717149.0
6016325.0
1717993.0
12110621
4006325.0
10246799
11495916
2971356.0
5794159.0
2629975.0
10747827
7288624.0
2036742.0
4035107.0
14829776
20651969
6354568.0
4067541.0
12265867
9335863.0
8259007.0
7969358.0
5320452.0
2359484.0
4910217.0
2668669.0
8196686.0
3819950.0
17228744
7708348.0
7736627.0
17750488
3104034.0
1778005.0
15425732
9681590.0
13953501
5279779.0
3011739.0
9014523.0
10164517
17409365
6471010.0
7567760.0
2516395.0
2192621.0
7541382.0
20100659
1958441.0
11229788
18129568
3126033.0
2533522.0
6780926.0
3011542.0
2455250.0
2963806.0
15106657
7716369.0
12023829
3334723.0
5058751.0
5810093.0
2838096.0
3547127.0
11161768
15678198
23757817
8010878.0
10880079
8070709.0
5984198.0
3243503.0
11154519
11567503
14124755
7895779.0
2654003.0
13174573
7462506.0
4519523.0
11846162
2115390.0
20477705
2411605.0
6352211.0
9941117.0
16201753
3016305.0
6696850.0
12612778
12076462
10831614
3085241.0
6020436.0
3531384.0
9188219.0
17435025
5240316.0
4990314.0
15957062
14302057
14660249
5805174.0
4734589.0
1675258.0
3747952.0
3513403.0
3884971.0
3936399.0
1551298.0
3762323.0
1649242.0
2391375.0
25173704
4590024.0
29277033
10399265
12309806
2119811.0
3735269.0
7557511.0
14252774
20791919
1.795347E+7
3075932.0
3919314.0
11657355
5161158.0
2081308.0
10533209
1503341.0
18642085
1.760192E+7
1.007402E+7
13729977
1.168896E+7
13004249
9192536.0
8249575.0
3478233.0
7994797.0
3629907.0
5509772.0
8612816.0
5424340.0
10925091
8026153.0
4688497.0
9379914.0
21354387
20651982
3324156.0
14393986
8376052.0
6108729.0
4812992.0
5595244.0
7268105.0
1.162522E+7
2505164.0
18289996
2977685.0
6297383.0
2132977.0
11138662
17326905
2332994.0
17507681
4675736.0
1.20147E+7
2746272.0
11799071
9017677.0
11382074
12631966
5058886.0
3687181.0
2888220.0
3614733.0
1.099382E+7
6811053.0
9884597.0
9006133.0
1780180.0
18018147
17559621
4215881.0
2550239.0
11927162
9872900.0
20228391
24162279
11742875
3977744.0
12682798
8357036.0
6603967.0
2699630.0
9669234.0
1765908.0
1.976863E+7
24507835
2.059761E+7
16236511
9320514.0
16531869
1.191529E+7
21807358
5637502.0
5659488.0
21139525
2495805.0
5668595.0
9335165.0
4056418.0
6215431.0
4526520.0
25524104
4968368.0
3529742.0
9389390.0
16513078
18275512
7198825.0
11282312
1731793.0
2908881.0
16545515
6777651.0
5683860.0
4043088.0
7266410.0
10107633
11594781
1702681.0
2616603.0
7301159.0
18566936
15654457
1832878.0
11393341
2153792.0
18262974
6142050.0
12475976
4544492.0
10617495
7317078.0
4329416.0
3323129.0
8464108.0
2556318.0
13371881
22705044
25312211
6670443.0
9544023.0
14877211
5565660.0
9918579.0
6987680.0
5048906.0
2954435.0
3135494.0
7574569.0
3158384.0
3943502.0
1800377.0
8484203.0
6059174.0
7472269.0
22611349
4901287.0
6462071.0
11093912
11218747
13691537
6811077.0
1.137825E+7
10544576
6659067.0
2424460.0
6603823.0
7089774.0
17307736
9673825.0
4164393.0
2181616.0
5896992.0
7056560.0
10650849
10929137
10263821
2151316.0
1885893.0
4429275.0
4610115.0
4633382.0
3864969.0
7442043.0
1.183939E+7
3976963.0
3059800.0
23255136
4192224.0
20003604
8184377.0
7578644.0
1.141481E+7
13696396
13396219
10189755
7197767.0
2825387.0
19408962
18731762
3521050.0
8679442.0
1637844.0
9142224.0
6486132.0
19409671
5875809.0
4490022.0
2386102.0
14644951
6531068.0
6443458.0
2272766.0
17325267
15156414
2473576.0
8644503.0
8856356.0
7304496.0
10621354
5241574.0
8383071.0
10482265
4083709.0
27171668
5347180.0
7047350.0
14452375
4842754.0
3111630.0
16163316
4453049.0
11551054
5664532.0
9067365.0
8108447.0
6123381.0
4693357.0
1520847.0
3548676.0
4649889.0
5548100.0
18112123
2191313.0
1.394889E+7
1.496411E+7
9827547.0
7820467.0
3315783.0
10735955
7636197.0
7780296.0
6032893.0
9632418.0
8660202.0
1956318.0
5236746.0
19966285
3844138.0
5072481.0
5396230.0
16784234
11944971
12961432
5918279.0
8068734.0
15680384
4306305.0
3330973.0
1746054.0
12610334
8212327.0
10186365
22207381
1829995.0
22584286
17698023
2339420.0
23494232
10075562
7829830.0
10393548
15303832
10684754
11912414
5812752.0
7226165.0
11926004
6360422.0
2464333.0
4980434.0
6003094.0
7148663.0
3152081.0
3648977.0
15972418
9879545.0
16455884
1.394871E+7
9632861.0
4737539.0
2471438.0
7656930.0
7158091.0
2337023.0
8097697.0
2679536.0
2391067.0
3320978.0
13766643
1.54035E+7
18164158
1.19664E+7
1.22158E+7
3188308.0
20448052
18874699
10029659
12687089
12605647
6795800.0
7167480.0
1.203052E+7
8870181.0
2298883.0
24846538
5515596.0
4230671.0
2.009952E+7
17561967
10718262
11835452
3592680.0
12945348
15030477
7919361.0
11286792
2637247.0
11424545
7283634.0
9408406.0
16992977
5146845.0
5407168.0
12989522
2339089.0
3656713.0
18414878
2402293.0
11327906
4493903.0
15643492
7015092.0
2632685.0
7034884.0
9226478.0
2795765.0
2471901.0
9110496.0
1945800.0
8651416.0
2518854.0
7183221.0
11424403
2198388.0
5640182.0
11184386
9315339.0
3152067.0
6955098.0
3575209.0
1972369.0
4385741.0
7061018.0
5975068.0
5707327.0
13980411
19569693
17596774
11003072
9934830.0
10648039
15925963
4017218.0
13212642
5634330.0
6925993.0
9116203.0
7859941.0
2918396.0
2710169.0
4276306.0
7932289.0
8225296.0
3732053.0
2775613.0
11803444
15617619
19819414
2922314.0
4554888.0
2598643.0
18135213
9897468.0
1751420.0
4465160.0
3224850.0
6663713.0
6747740.0
5553838.0
5513335.0
17826534
9086302.0
14400356
5573946.0
11373594
4967399.0
9742068.0
3817826.0
4437515.0
5429361.0
7906386.0
3313669.0
5322550.0
2894889.0
6517576.0
2337104.0
5909586.0
12936639
7540233.0
20545618
9909685.0
13200427
3487410.0
19403507
9291739.0
7437210.0
8216806.0
10076282
8093899.0
5872770.0
2.034217E+7
1791722.0
1509832.0
2615049.0
6813530.0
7058880.0
1573659.0
3.335352E+7
10348329
1453307.0
9010139.0
9245112.0
6530653.0
4211081.0
1801012.0
1.628464E+7
1.29293E+7
16362572
8645762.0
8584483.0
5879066.0
4215486.0
10442696
4966567.0
3230038.0
13278378
8038673.0
5342458.0
12501173
12486678
2838024.0
14538919
4862118.0
15464916
14950273
9312585.0
1846452.0
2439547.0
5760685.0
3549754.0
1.591281E+7
12408288
4210291.0
8020465.0
4310935.0
22239936
10981614
14152619
8116725.0
1560534.0
2033432.0
2136098.0
4784153.0
5916077.0
9764947.0
2194952.0
16710881
1875208.0
4743427.0
12363741
5089160.0
19122123
14400816
7742788.0
6934480.0
4056001.0
14698026
3351011.0
4181507.0
3607559.0
3613324.0
6766091.0
2690280.0
1769065.0
5635227.0
1581913.0
2909089.0
19926667
13428892
4951012.0
1397560.0
6050998.0
4188096.0
12762662
2159461.0
5958105.0
6549720.0
6352035.0
11288337
6906051.0
5802598.0
16759603
5548540.0
23736393
9121671.0
14463393
13261944
2602178.0
17451137
7891203.0
12832956
3348268.0
2291395.0
4105133.0
5201006.0
8921877.0
3481372.0
11098495
13224642
5452583.0
8524276.0
3275206.0
6598359.0
3805008.0
7675614.0
7262046.0
6364203.0
3356801.0
6552048.0
9213832.0
1503045.0
5991305.0
4244356.0
11634608
1824036.0
2823890.0
14137927
11176558
3072384.0
16384551
3671509.0
5369114.0
15409494
3746196.0
17056823
9867670.0
12058626
8302292.0
15696319
4830471.0
12270196
12369238
9737337.0
7140129.0
2156151.0
6824615.0
1940719.0
1.949057E+7
3857777.0
18020563
14346738
5707205.0
11121411
11999911
3233912.0
5006996.0
5151936.0
4660786.0
4607002.0
4161634.0
13624584
8365722.0
7500977.0
9685029.0
2222559.0
5558580.0
16458367
20870398
5328044.0
10103106
9568474.0
10250304
6979450.0
12449586
8606867.0
6583463.0
7618945.0
7053776.0
6266350.0
2753681.0
6060607.0
14803191
6271105.0
17872585
3519935.0
4360955.0
2695232.0
8792516.0
13509525
2462919.0
2832809.0
7576260.0
7335569.0
9199885.0
2001467.0
10232582
2905260.0
1526048.0
3139322.0
6411474.0
17135413
23757802
3617645.0
13003683
16589958
12365001
6414044.0
7650194.0
1488129.0
4448737.0
9352004.0
17550704
2985792.0
2880666.0
2822767.0
2779350.0
17130309
11439157
18555456
12496115
8549317.0
1427700.0
15791707
5734602.0
3612463.0
2249334.0
12770993
2983788.0
4866041.0
5603366.0
5085339.0
19551073
1817856.0
12974041
3851807.0
3727943.0
4917632.0
1926139.0
7052709.0
10675222
4404586.0
2632997.0
3298696.0
5017061.0
15836831
9279132.0
4465592.0
23084309
7391839.0
5040312.0
12066361
6228007.0
2456567.0
19844117
10293088
2792797.0
6060100.0
10088239
4807626.0
5285873.0
15118024
4481778.0
15210081
9915871.0
3730367.0
8755092.0
3959326.0
27190173
9662324.0
2309960.0
2248086.0
3490080.0
13328229
7710812.0
11792007
9893002.0
9115180.0
3247816.0
3100738.0
4994063.0
4732586.0
10167801
2795185.0
11901098
13492466
10056308
4529585.0
10315235
3462114.0
12390919
1.772774E+7
11815613
16557154
18472171
18103187
2988807.0
5318309.0
4265032.0
1.529401E+7
7884741.0
3531019.0
5774031.0
1583510.0
24294373
1907242.0
1.956197E+7
4185124.0
3896535.0
3488162.0
6801880.0
10945321
3037807.0
7518404.0
6578474.0
5299963.0
2282930.0
20354828
6124837.0
3549503.0
9173349.0
2066309.0
16687199
4034850.0
22570095
2345971.0
3023483.0
12645867
12053618
6950727.0
3426672.0
3299540.0
4187559.0
1644922.0
12728824
6131615.0
8716990.0
1.601695E+7
3189638.0
2346967.0
7048853.0
14539311
4040615.0
15549555
2230713.0
7624727.0
1.116315E+7
15153618
1631830.0
4818743.0
9353481.0
2275716.0
14523003
3280478.0
4361570.0
12344712
10944785
11829925
11727247
14704925
2937732.0
12710009
6755317.0
2518611.0
1851301.0
5603506.0
9488647.0
6197156.0
4050343.0
13492232
7617308.0
2464679.0
4377174.0
3325559.0
7504542.0
2015700.0
4241241.0
4157249.0
2115666.0
8953991.0
6778849.0
2810009.0
11508272
10373908
20691989
24267695
2850457.0
1420537.0
6379097.0
18655087
10553357
3832856.0
6105233.0
9172958.0
6671082.0
4384227.0
10618208
2209349.0
9087583.0
8558834.0
6091977.0
5800399.0
5684677.0
7480517.0
4438163.0
18340152
4074464.0
13280688
4563703.0
8823700.0
2805078.0
1407955.0
7556889.0
5636824.0
10447999
11430103
21218272
22665566
3831671.0
3932353.0
1.641552E+7
7677168.0
2772824.0
18168465
6780333.0
15515989
14640696
3478782.0
5363012.0
10965081
1.184465E+7
4071749.0
1487741.0
5534880.0
7007630.0
6272769.0
11552877
3991149.0
16511184
6259624.0
3848050.0
9537068.0
12548983
15021453
4644553.0
3318176.0
9305368.0
8178764.0
3336272.0
24741235
8698836.0
7079081.0
8686657.0
1534809.0
4979164.0
5241903.0
12449464
4560393.0
3922723.0
17267225
9289353.0
5899348.0
7466585.0
13691515
5103775.0
2177942.0
2157184.0
6966302.0
8073686.0
3523747.0
11001819
13546324
15203529
9838363.0
15246205
11410768
4272246.0
17786503
3289961.0
11750088
3529258.0
3001548.0
5958322.0
6069201.0
21548301
18744435
2330997.0
2530185.0
2155592.0
19664624
1822617.0
11267149
9661052.0
3712541.0
17307114
4727752.0
4996424.0
5842896.0
2169167.0
12877616
8473062.0
7518143.0
3515522.0
5485539.0
1863443.0
9304646.0
3936810.0
17606748
9848972.0
7916812.0
17385726
9676746.0
13975147
2667664.0
3776860.0
1.186878E+7
11684637
3608472.0
11789136
3950473.0
7944444.0
8634963.0
2447370.0
4463871.0
25624658
1993905.0
4355175.0
23355234
2313024.0
8506166.0
5999564.0
14346608
2390154.0
2022561.0
2082237.0
9423392.0
8459359.0
6010895.0
3569597.0
6814353.0
2137199.0
5980516.0
6166993.0
17047715
10430472
1.237712E+7
1.802982E+7
12160814
8796869.0
9871336.0
13043161
5228513.0
4767925.0
3299768.0
9872309.0
5574704.0
1.674886E+7
3784663.0
6045046.0
1669861.0
1.610503E+7
7122754.0
10079737
16954791
11286189
1.351548E+7
2252901.0
6991206.0
8497459.0
3837688.0
1864024.0
1.181686E+7
6241559.0
6214395.0
3692293.0
1871694.0
16734841
15645409
5761373.0
17691946
13534469
11642374
4130970.0
9814654.0
8251535.0
1.038688E+7
9275528.0
6571348.0
7200423.0
1963970.0
5411635.0
3025291.0
3119125.0
13864431
13444548
26687146
8277897.0
4572631.0
3642740.0
6912038.0
3363935.0
1.184982E+7
3240938.0
10740916
6210307.0
17255695
6274997.0
4152920.0
6713191.0
7634059.0
12425059
11967192
5036360.0
8499371.0
14115416
17517781
1.211417E+7
11100232
3970147.0
7529051.0
2763753.0
8362435.0
9854136.0
8498285.0
17963023
15813731
2008045.0
18046273
16696691
12236938
15349832
6463429.0
10726417
4039449.0
8927904.0
14077499
8283450.0
2598471.0
7398187.0
11163969
15480127
21482628
29344713
23574262
2314589.0
8935083.0
3068362.0
5040257.0
1.213888E+7
2672443.0
1.29722E+7
2158867.0
15049158
1.321512E+7
3356904.0
11362088
4976369.0
3756182.0
7189237.0
6159989.0
2127290.0
1.07265E+7
3299118.0
5308497.0
3384159.0
7396803.0
18297312
9871884.0
8409064.0
13346643
19777854
3576219.0
1639378.0
4014409.0
6669122.0
2565523.0
6170967.0
4157932.0
3293056.0
2571473.0
4195045.0
6204247.0
16525494
4052889.0
10090784
1.191382E+7
10083325
8475585.0
3286152.0
10099435
11592096
7588385.0
1766324.0
2428584.0
8884565.0
2473809.0
1.526838E+7
3655024.0
6101389.0
11528698
1.350735E+7
2478850.0
8564527.0
16372228
9750468.0
1949989.0
10631157
8168994.0
4175396.0
8949826.0
5560837.0
4008356.0
10169236
4495645.0
1386514.0
5107729.0
2629555.0
20604971
12896254
16044055
2269049.0
12243429
10003668
7391712.0
5315214.0
7504952.0
4174688.0
3198551.0
7999152.0
2910838.0
6274201.0
5301668.0
1982718.0
15076329
7452283.0
18111115
5397668.0
2889729.0
5594809.0
15832317
7441587.0
8648247.0
3014227.0
7625788.0
6708218.0
26596237
2115103.0
7688189.0
14969642
3115814.0
5152558.0
6193598.0
1.027365E+7
5135178.0
5661719.0
4203978.0
4701704.0
6981229.0
6346129.0
11787059
5869048.0
12098186
9397035.0
5245076.0
11168561
1770313.0
4462900.0
1.834972E+7
12565529
11575072
4179124.0
11475589
1817362.0
7549577.0
16973955
11179329
11155563
9066119.0
6595795.0
16870331
5337225.0
1553950.0
12937467
2231775.0
12035373
5154468.0
4810736.0
3045160.0
5468467.0
7331337.0
6732700.0
14497192
7517409.0
9635115.0
9083095.0
13690935
5332357.0
8729671.0
4677625.0
6606736.0
19624258
4507754.0
5793100.0
23564123
10803785
12252417
4159391.0
20177383
4298275.0
7990412.0
1825849.0
16887501
2005744.0
3891330.0
10677265
3539168.0
2403091.0
19642062
2614337.0
5805934.0
19562953
1.769241E+7
4199537.0
17752519
7600026.0
10340778
18852253
2147146.0
9568286.0
3997177.0
6109651.0
8933143.0
23335135
9328297.0
3936377.0
5557822.0
14959901
15782633
26435619
17937705
3038453.0
14849193
14993742
16865887
2761478.0
2718796.0
2905694.0
6873477.0
2886640.0
5494244.0
3955646.0
8532289.0
24238263
16194959
10050857
20430729
5572371.0
4333930.0
13768347
2554866.0
5355481.0
4829286.0
5230010.0
1.320479E+7
4964086.0
8306214.0
9344354.0
6748866.0
23965027
21961054
3681729.0
17872995
7177590.0
6408189.0
8646858.0
22613466
10717857
1.465007E+7
14781619
2833026.0
9193991.0
6399762.0
2409267.0
1.023935E+7
2.129461E+7
13712252
3194303.0
15692252
8226302.0
15716735
4868499.0
11421095
7305837.0
2340420.0
8700352.0
3124726.0
2528206.0
1779882.0
5497479.0
5616201.0
2812778.0
3359658.0
6728097.0
7011740.0
8296675.0
4596150.0
3023249.0
22523307
4750065.0
1.342079E+7
19982608
5597369.0
4413570.0
6355064.0
5680953.0
10211846
4956618.0
1817594.0
9426944.0
1315517.0
9680641.0
18903608
20859645
13212499
9033975.0
10206013
14363361
18876035
4603379.0
3049310.0
15996262
6856238.0
3941482.0
4276898.0
6172989.0
2039855.0
20138421
19772858
1539366.0
3117751.0
7864699.0
2705341.0
13190469
5051922.0
4404825.0
4800194.0
5169274.0
5705623.0
5958201.0
2951857.0
7647384.0
5659212.0
2.034073E+7
8096826.0
2433638.0
4506391.0
11080888
15453232
8203079.0
2366161.0
5796650.0
6356743.0
16310748
5720640.0
5223320.0
2114339.0
2091027.0
6053426.0
1145373.0
3801528.0
2984873.0
6073501.0
6220566.0
2.190177E+7
21729432
18291432
11376551
16214096
2789334.0
2689238.0
9805258.0
5477998.0
5381255.0
11160752
13336272
9823698.0
5111156.0
5185557.0
13218351
18843437
23462313
2619363.0
13854693
7936263.0
11990382
2078792.0
5004923.0
2924358.0
3734692.0
9604629.0
11731028
5143137.0
12125007
2179897.0
20557769
7330250.0
2759850.0
13167743
14927802
1599141.0
20443123
10059845
7398142.0
5373212.0
7989228.0
10848796
4311481.0
17688232
7040831.0
8319503.0
18394353
20423458
6549114.0
14429059
14492397
10104603
2145198.0
23227969
1.061043E+7
4704810.0
8540687.0
8016177.0
10901668
3921644.0
14722927
4377744.0
4231050.0
4541125.0
5803540.0
5673914.0
5419023.0
23987395
2912617.0
2973700.0
9182948.0
2972773.0
20072288
12094081
8121602.0
9273441.0
14306952
8208551.0
2019794.0
7306064.0
8678892.0
6164110.0
5930921.0
3519853.0
9062761.0
3757647.0
23385937
19836792
3121606.0
11408376
7971106.0
2.053083E+7
7962727.0
9515716.0
3994026.0
6300794.0
7581001.0
2381069.0
5552343.0
5887337.0
1855945.0
3155467.0
7759259.0
16846515
14808876
1.246625E+7
5971962.0
5551125.0
10025295
6677397.0
7882994.0
6945115.0
1.083821E+7
13196203
3141534.0
19797238
2957490.0
4351224.0
15379716
20182641
3803060.0
1.564204E+7
13105978
15015386
6269797.0
8536286.0
9881767.0
2710720.0
5823147.0
1.865081E+7
6318874.0
6629038.0
2839694.0
8610497.0
9165075.0
11294516
22399706
21788241
2060156.0
3184244.0
6542985.0
14660271
9643021.0
5988581.0
14876564
4493903.0
2755411.0
3150106.0
7566482.0
2998439.0
21250043
18713966
1578580.0
3100077.0
10870396
8865802.0
18901943
12473546
10392599
11090969
3353335.0
5777075.0
2764618.0
1964545.0
6926459.0
2529547.0
10573738
7101892.0
4874988.0
4537106.0
4605057.0
19999425
5606084.0
12598723
2477543.0
19070846
4231403.0
5155555.0
5313718.0
2326216.0
10516583
10329541
2198131.0
3245248.0
3354689.0
13998659
2573794.0
5069147.0
8972094.0
7118867.0
4399392.0
16559526
10385692
2022090.0
7071138.0
20419594
13365664
21240194
13075611
4604595.0
5794965.0
8098610.0
6943098.0
1486973.0
6644613.0
1466002.0
26012603
8785748.0
2047814.0
14895977
8386732.0
2511828.0
17983707
13646356
14032955
10421814
4648240.0
1969972.0
12071682
3407061.0
10754557
4867150.0
1910736.0
31665012
5859014.0
7395101.0
12743603
25319797
5111751.0
3575327.0
14167962
6058161.0
11553383
6053835.0
5620029.0
6510625.0
7896499.0
9693365.0
2416424.0
22480436
2470994.0
4411868.0
4538846.0
1.791657E+7
4783141.0
21742292
8895486.0
3778237.0
6379512.0
3872942.0
14249568
14170187
8710777.0
11756237
1859434.0
1092302.0
10149618
8034477.0
10390389
10699057
6936723.0
6192702.0
8525413.0
10934574
6300390.0
14830109
8907010.0
4415237.0
10596655
8509407.0
10666056
7737892.0
11044034
4332568.0
11611149
6252984.0
12911498
7629828.0
20294851
2293950.0
19911686
22656087
16147343
4671337.0
15433578
3722230.0
6880660.0
7150501.0
4721226.0
6934246.0
8583545.0
2.674542E+7
3282742.0
6870509.0
3615697.0
18757494
3078893.0
12305827
7970458.0
4954338.0
13756228
4889221.0
6388167.0
6264956.0
3326103.0
1932243.0
2.230595E+7
8725693.0
1409949.0
24991318
5296074.0
2817079.0
7114020.0
2563078.0
13636772
9546018.0
4924871.0
21819745
10695706
5715967.0
1.692173E+7
10558053
2259989.0
4537624.0
4973050.0
6728814.0
8105923.0
16518583
5713608.0
5446633.0
2.269965E+7
9765094.0
12750802
12622441
14118262
11592123
7681654.0
12275373
2851487.0
8920306.0
6165280.0
17737717
2906832.0
2602765.0
8570952.0
4789461.0
8029028.0
17969632
8328122.0
2897437.0
20453965
14482786
7069688.0
19418622
2671969.0
5383422.0
2265788.0
2767436.0
2998164.0
8188711.0
2065483.0
7680971.0
21824959
14184853
20110951
2772607.0
14358444
12119959
10896257
20658239
2966390.0
4204203.0
4725241.0
3773257.0
3415554.0
8991173.0
6672287.0
6049164.0
2238917.0
19440325
7817426.0
4058315.0
10249302
5976161.0
15656566
23539601
11289279
9979036.0
5072702.0
12286235
2654991.0
9435051.0
8400208.0
8761466.0
2112948.0
9882738.0
3970372.0
4154648.0
16026801
1589662.0
20209026
19150038
8336001.0
3875661.0
3108629.0
2125724.0
3773547.0
6360012.0
9112557.0
8234905.0
2070764.0
3858006.0
2345903.0
5669932.0
27706712
18387652
1761959.0
6269675.0
1850537.0
12590074
8347489.0
11015398
7654003.0
12214122
14029395
12540951
6755470.0
4298383.0
7409601.0
6960539.0
6602052.0
3886446.0
5059706.0
11592474
2705135.0
12683299
19543757
22118742
8596703.0
7106450.0
12838387
7992082.0
10410935
2470814.0
13372778
10863388
2015864.0
2.206308E+7
6245778.0
5964556.0
3833072.0
12171811
4434838.0
1895762.0
6991092.0
12263952
10055697
8640027.0
7450941.0
5004839.0
13261017
8041103.0
20877134
4546311.0
7756041.0
2655681.0
18755666
11721447
6480261.0
9006205.0
23317894
7536708.0
14725653
5379173.0
6838576.0
3371507.0
13388098
7160966.0
5406137.0
2202004.0
5450240.0
5403152.0
16527957
8629082.0
8900426.0
6699555.0
16824675
14245261
8221964.0
3639821.0
2231906.0
6606508.0
12865567
3695476.0
3828621.0
3938223.0
6691659.0
2075575.0
15053616
18403074
21259969
2.142133E+7
4174983.0
21116382
22605186
3757951.0
5573245.0
9979670.0
18775202
7045181.0
8603650.0
9913276.0
10943011
10200312
2924381.0
23209845
3409778.0
4837327.0
9227351.0
4317729.0
9222056.0
10456635
7032000.0
1945610.0
11114571
3099226.0
3276660.0
6358302.0
9199343.0
2139208.0
17160597
14598976
1668310.0
6847549.0
12520222
10922434
2248813.0
6103764.0
12110326
5829874.0
3175452.0
18611936
1638435.0
2517195.0
4807954.0
6070676.0
4419532.0
13705741
9919843.0
1725639.0
12088377
12121847
23112151
10362398
3120601.0
6302474.0
2653894.0
11396985
3384122.0
2204908.0
13600714
9861268.0
2430735.0
2095140.0
5859928.0
5745457.0
5019650.0
2614627.0
8237735.0
1.029407E+7
8974973.0
1.300062E+7
3822161.0
23184382
7465898.0
3442692.0
21123474
2266875.0
12536892
9803827.0
6008007.0
11974777
2825606.0
6516221.0
9720706.0
6555252.0
12773392
13535915
9657815.0
11141824
12383781
6766737.0
3870557.0
10357155
16738699
15342255
8484749.0
11334473
7253734.0
3002777.0
5753306.0
2113046.0
4755341.0
19563866
5117709.0
5247707.0
7413676.0
2592315.0
8826515.0
21994423
15732338
9138464.0
13867568
12925009
6678237.0
3277994.0
10127615
5206084.0
1.870931E+7
11468162
4753617.0
21774398
15818497
3608380.0
2467736.0
2894769.0
7820931.0
12936758
7381105.0
2254589.0
3263250.0
13833329
9856484.0
7822526.0
4591604.0
3508597.0
8522133.0
3725619.0
3996642.0
20371626
5653018.0
3033372.0
3303075.0
16697901
2653243.0
19648391
10465639
4313329.0
5199620.0
10940311
2753468.0
17301159
7255635.0
3466806.0
14450269
11328067
10561079
4768150.0
9353460.0
6015333.0
22238676
12801139
1670093.0
3859238.0
10913712
9494868.0
7227576.0
7096733.0
9002576.0
8859451.0
5849065.0
13318582
6163546.0
3101535.0
12211245
14216158
16971596
15431161
7591618.0
5433656.0
9055935.0
6350680.0
3815257.0
3072419.0
7951841.0
6002101.0
12778703
15053585
7584810.0
2085645.0
12724615
3546289.0
5552668.0
9399876.0
19988607
2993089.0
3159286.0
18552052
1.019779E+7
3655091.0
3079248.0
19523908
4813599.0
10184932
9902964.0
3540171.0
2645284.0
6902596.0
3589758.0
7852252.0
18877529
18705764
20385767
6102465.0
14536901
3543675.0
11239327
13888871
2130261.0
3309968.0
8464013.0
5206309.0
2212791.0
11380907
4097012.0
9235132.0
3492433.0
2872713.0
23468475
21723712
4662602.0
7136849.0
3843247.0
17483233
15195485
10365844
2584731.0
13937401
7763049.0
7195643.0
2389908.0
5575034.0
12381872
19218936
2764641.0
3043099.0
6921741.0
17769822
2268657.0
8431759.0
7621230.0
12268679
1.235065E+7
15702636
3588323.0
8318019.0
3329053.0
3039130.0
27766815
15584564
9882188.0
5726373.0
8793476.0
21928023
6725502.0
11768708
6584142.0
10992096
15857857
2743214.0
8801203.0
5146042.0
8266196.0
9788981.0
27619984
6112178.0
4524650.0
5272766.0
14962113
1.659755E+7
11747049
8634591.0
1720979.0
4202601.0
19529096
7267491.0
7249359.0
5479346.0
11516846
10804712
5416285.0
5059105.0
5181480.0
6415422.0
14309543
20527094
17817457
7545858.0
15194785
6421180.0
17861417
22303052
10418187
11830197
4179591.0
2111580.0
4866039.0
4173889.0
5747850.0
5261324.0
4058114.0
1852141.0
14879576
11308408
9585495.0
4565414.0
13215333
9154183.0
5980125.0
9943331.0
3921486.0
4241597.0
8801541.0
12343858
2175340.0
5303902.0
3678453.0
1680811.0
8812603.0
3334086.0
16448069
1.832622E+7
4113741.0
6244358.0
8478720.0
7379105.0
21432633
12078895
11310655
4209531.0
2081195.0
2083780.0
7695719.0
4715682.0
1924177.0
9904529.0
8040788.0
21011287
3127148.0
20191959
11199062
9854211.0
21209008
9089421.0
14431475
6658019.0
6991044.0
11226914
10708917
6993299.0
2219980.0
13521049
6566595.0
29008347
2734035.0
8738479.0
8439101.0
3803802.0
3931112.0
16454195
4733806.0
11384806
2193962.0
6263322.0
1637103.0
8904024.0
1817590.0
10484551
3401814.0
25656908
2129151.0
8016794.0
5602509.0
20493557
5285872.0
11094352
17364329
10397249
1925569.0
7297986.0
6185648.0
12998071
14238335
4741372.0
4012302.0
5525879.0
12207107
5252938.0
9783770.0
17631006
4860249.0
7315086.0
19850002
13151551
15821204
12473277
2407002.0
3539261.0
7678246.0
2645108.0
4932573.0
2692245.0
3995152.0
5690055.0
6703134.0
18883354
27376952
6643978.0
20652074
6309672.0
3112579.0
10174717
12273232
7990756.0
6474932.0
8962259.0
3484901.0
4329799.0
11072298
6400104.0
23659496
2823822.0
7359488.0
6188152.0
1.428717E+7
25222976
21125608
9653655.0
12463822
12725415
5378001.0
10345385
13357488
7412237.0
1964708.0
7945013.0
19460597
6942336.0
3248400.0
19630613
20445601
2825780.0
3254008.0
6154579.0
18621777
24209603
19258949
8799700.0
1804207.0
9795712.0
7432001.0
5335276.0
5595641.0
2414269.0
8704168.0
7835026.0
11007836
15409229
21743751
16073738
12457863
13945187
12127507
15302714
9422022.0
4093034.0
3712077.0
1709385.0
6889024.0
8059384.0
3586527.0
7745765.0
14999817
25078139
2154072.0
3275539.0
1.135456E+7
17464789
19236037
15926567
8743098.0
10997328
11392079
2.074412E+7
9607687.0
11821481
10104408
11842101
17899129
18807729
2506808.0
12679719
2258159.0
6223399.0
6905236.0
15422792
8834323.0
1.155111E+7
6267969.0
5203887.0
3992239.0
4929697.0
9496195.0
11901017
5211718.0
2349171.0
2220652.0
3937966.0
11149018
16752069
21945649
16506655
1.682792E+7
4643546.0
5007172.0
8261634.0
12744757
3906436.0
7923134.0
6397973.0
2265881.0
27523903
6813053.0
3718691.0
1.058479E+7
1643981.0
1.315629E+7
2230836.0
4492976.0
15309231
9617814.0
8868641.0
6413463.0
2777579.0
10232325
5715829.0
10918745
2498667.0
7080385.0
1.245235E+7
15730039
8983581.0
4485746.0
18921351
2909002.0
9254187.0
14990754
1.687015E+7
11728185
9832116.0
10403482
2408715.0
4861326.0
6356872.0
8466217.0
4108039.0
2665311.0
5791711.0
11067662
18011791
5567813.0
6313732.0
10913617
2381782.0
11048937
8257471.0
1.309015E+7
2308741.0
6389579.0
4375570.0
7601475.0
15155714
9416794.0
1.189575E+7
6459667.0
5305594.0
4962669.0
8128043.0
8037502.0
3141142.0
2463219.0
18018188
15739285
16222451
4728927.0
3593922.0
7369570.0
3528889.0
2927081.0
1758333.0
7288366.0
4593439.0
7465486.0
3138216.0
6576702.0
4526944.0
5749350.0
19758812
17890087
14413636
18351217
7212100.0
5917957.0
9363233.0
11231147
3767289.0
9787303.0
5897453.0
10912384
7316451.0
3268073.0
3245593.0
5608280.0
2391795.0
3215613.0
9080571.0
2549408.0
3458357.0
4888700.0
4055298.0
10247383
8830084.0
7082526.0
11309908
4648411.0
5442421.0
2307231.0
4824392.0
13843929
6788983.0
4273475.0
3817837.0
17675865
13761297
3510377.0
7737177.0
14060672
9030141.0
2068509.0
3145236.0
5324377.0
6439059.0
3637921.0
9695413.0
4584226.0
22223874
4856259.0
3912820.0
11006754
1.26793E+7
19378799
11598982
2402531.0
15728576
13011437
2300758.0
3792877.0
2553177.0
6383718.0
10782356
3169106.0
9671185.0
2257746.0
6573737.0
4636957.0
18858773
3175455.0
15636808
5353194.0
3268781.0
2777998.0
13278839
2582994.0
9805648.0
9661567.0
4930634.0
4009490.0
4335748.0
5152606.0
2688274.0
4701674.0
3489738.0
16908076
16770372
13451536
13292227
1.289967E+7
10752354
4456710.0
4444232.0
2034484.0
12262239
3267831.0
12869957
6331520.0
6302779.0
6163676.0
3203578.0
10454971
2778480.0
6408819.0
25057358
4886769.0
4480037.0
15497457
6152590.0
10621632
12018618
4994121.0
1.248012E+7
5471144.0
1.035237E+7
5282436.0
9349628.0
6943753.0
8143087.0
14631262
3847115.0
3022864.0
11820716
4814095.0
17836833
3502627.0
8811222.0
1.006606E+7
11988392
14364901
8919829.0
9318378.0
10746515
6129819.0
2095075.0
6046080.0
24165354
8040315.0
3068141.0
2462647.0
6009150.0
13451807
1898987.0
3659726.0
5886025.0
1.784323E+7
1.158526E+7
7500067.0
4421922.0
5417906.0
4412567.0
8252290.0
17808813
9984430.0
3145563.0
23295836
9958683.0
1.558158E+7
18538176
4284266.0
1498431.0
7172626.0
10911413
11046262
3863374.0
1.607081E+7
8142141.0
1254529.0
1771092.0
1843652.0
8935631.0
13008503
3344315.0
2290397.0
1632524.0
8083829.0
3717407.0
9281635.0
4690019.0
5292817.0
3932948.0
14231703
10159853
4616023.0
2562279.0
5572472.0
3826719.0
15487518
5316879.0
15626701
1.505265E+7
12029416
17313983
8446462.0
15102213
18425264
8833640.0
10613131
3102017.0
7840831.0
4468483.0
14080537
3564978.0
9029394.0
6344187.0
2683231.0
3618504.0
17468559
14664599
15892712
22557588
6321949.0
13061363
11277067
12917156
5316357.0
6708166.0
10556649
3698551.0
17919357
9816137.0
4608530.0
6796413.0
9360180.0
4878182.0
15378856
10281689
5002869.0
5995055.0
9479882.0
9113320.0
13914611
7802853.0
4659078.0
2665127.0
5249213.0
2702185.0
12443998
12391328
1962883.0
3713315.0
7722895.0
2685106.0
7505182.0
17750993
4393687.0
2519125.0
6712225.0
3284279.0
19518135
5763497.0
5433326.0
7166966.0
2169341.0
2329774.0
4185688.0
4290744.0
9297373.0
1139798.0
21997766
5758974.0
9598674.0
9313864.0
9735226.0
18045637
16300559
6788890.0
4154428.0
7789083.0
9100416.0
8353270.0
2142271.0
11425825
4132224.0
3096938.0
13111071
10278784
2644509.0
20729336
7129425.0
2.286532E+7
11777241
12565351
11630248
2047391.0
3427888.0
6139489.0
6236187.0
3429632.0
5671194.0
10306582
3311387.0
4687300.0
4207949.0
4525517.0
4941724.0
14417935
4915599.0
10879389
2462017.0
14687181
17096727
20433816
6251837.0
2538531.0
9631094.0
6640063.0
2872810.0
15633929
1362577.0
5643927.0
1.758926E+7
14092219
18577255
5557215.0
13466844
11212595
8805270.0
7926825.0
4661081.0
5795474.0
10878434
5870686.0
7472997.0
7196661.0
2195793.0
5593181.0
20855615
13434126
8056262.0
19943095
12922656
12215308
23731857
4132919.0
3102766.0
8076583.0
9103121.0
7587284.0
9174698.0
24261654
3894772.0
6174417.0
4100924.0
4245570.0
26207805
10419806
15662525
14520057
12215956
14457428
6634880.0
14846194
10330524
3148698.0
3130664.0
4099154.0
9320540.0
6390861.0
26956109
2152860.0
3350331.0
4526900.0
4102514.0
16383605
4710305.0
1.001375E+7
3160331.0
6540739.0
5610436.0
10253052
5669980.0
4839321.0
2394808.0
1712919.0
16246278
6944440.0
15926073
2.467027E+7
9963223.0
11181351
2159202.0
16225841
3914907.0
1739618.0
3956186.0
9293662.0
5172005.0
9239960.0
9619230.0
4075905.0
5003663.0
14284086
3455971.0
2762935.0
18203214
13143339
2511001.0
2170078.0
7831943.0
5980171.0
4905146.0
15101451
2574866.0
7894898.0
5989628.0
2330415.0
21562641
2461093.0
8728496.0
12421416
14364556
17761411
16489574
2666361.0
4304562.0
15885879
13591377
10085751
1.234014E+7
6066328.0
13932251
14198016
3617782.0
28061437
9898832.0
2140173.0
5251248.0
20934879
3906052.0
5399969.0
21196657
11630479
8307150.0
4737459.0
3511236.0
9594991.0
8625112.0
2466268.0
18207605
1.132094E+7
1616362.0
1426990.0
6227126.0
3180886.0
17581967
10453316
3020142.0
5072032.0
11360678
7856481.0
8250646.0
2067208.0
12068457
2414367.0
7723606.0
1666768.0
2362547.0
8366052.0
17311512
10434935
1851928.0
6832665.0
2104571.0
3485790.0
21568376
1989155.0
5733880.0
4332192.0
4806150.0
12638523
5161960.0
1616731.0
8004274.0
1561942.0
12530512
16507268
15386525
20672003
14557716
4237704.0
10470832
1.034077E+7
20504522
11097119
2799077.0
21817157
11884328
10639346
1816452.0
5097536.0
1607661.0
9012412.0
3923739.0
6918870.0
2187390.0
3281249.0
10397919
6636565.0
6654928.0
5439045.0
17700746
2308319.0
5285073.0
14303064
7584148.0
2802413.0
9150594.0
8109138.0
6079025.0
2571290.0
19253451
16122414
5537733.0
7434435.0
3792917.0
2635059.0
9005061.0
3242450.0
15900846
6977967.0
7718312.0
9273632.0
2850244.0
5425889.0
11831139
5792547.0
7452520.0
6154722.0
5526762.0
12719931
11972244
13568206
14693874
23152172
13263125
13992174
1.129529E+7
3271605.0
6946164.0
6603326.0
8713749.0
2693108.0
5349186.0
2460637.0
3029202.0
1538265.0
11128439
6188560.0
7651992.0
13786908
8570166.0
5834192.0
10032214
9480953.0
8949338.0
13816395
4166386.0
5623727.0
3408246.0
6926392.0
9235772.0
1.083263E+7
7640876.0
7050257.0
1457339.0
13102096
11787197
7976601.0
27823475
19612842
6460650.0
2517612.0
1705779.0
11380552
6885648.0
2545990.0
6854783.0
2371406.0
6637093.0
20905502
4399872.0
2729240.0
17458273
8446612.0
20860761
11449309
9041724.0
3789881.0
4770541.0
5265206.0
7992730.0
6726348.0
6166660.0
10480635
2246153.0
1.228908E+7
1257955.0
3225683.0
7731852.0
2891570.0
14335894
9294291.0
14232097
8510789.0
16548631
1.275572E+7
9142437.0
3095563.0
4252857.0
11831096
8105291.0
2933090.0
8716162.0
6016238.0
9171784.0
4666134.0
10348702
9682431.0
1676881.0
13615797
3704913.0
23901211
9411981.0
4611575.0
12355294
6959526.0
12459016
5900682.0
13682407
12386156
6427853.0
4846169.0
4026164.0
3505827.0
8733586.0
6386519.0
4414305.0
17128934
16435895
1.723866E+7
2160649.0
10434844
15547997
2393038.0
12498186
15377635
8048641.0
10946128
9587314.0
12816439
3071670.0
13244154
5672855.0
3714349.0
12871292
7873820.0
26842137
14024923
10159436
13881981
5314610.0
9950862.0
9874955.0
1.012192E+7
14107345
2807468.0
20316891
21531953
2557621.0
2169170.0
18472574
5456509.0
1.47105E+7
6078640.0
7980248.0
3262240.0
9442140.0
1.240901E+7
7312240.0
7025944.0
3927887.0
13117569
3890849.0
1797477.0
5850491.0
8461118.0
16589389
1.405519E+7
23112339
16000354
8944173.0
15338212
6843743.0
8824913.0
12161209
7040851.0
11232381
9557405.0
4030526.0
27008366
5088441.0
7721840.0
23368091
8274484.0
12639544
25399249
12541766
19235434
3846886.0
15901619
8416282.0
5297448.0
8333120.0
10877907
7475800.0
1754045.0
4012760.0
7029740.0
22635756
15299774
10030015
2579229.0
6274988.0
3290241.0
2559318.0
1.020717E+7
5730772.0
9907711.0
4563793.0
2948173.0
3777948.0
8701615.0
4954701.0
7124548.0
13865181
15188565
1230000.0
6068368.0
5223998.0
17280457
9171673.0
10114385
7461560.0
2335583.0
6430743.0
8821643.0
11084347
8159017.0
11005447
4614477.0
12067893
7188661.0
11756956
7225958.0
2084279.0
13917584
2673815.0
3001463.0
15381464
4945557.0
14593098
4979785.0
6951850.0
8241227.0
7860732.0
10996651
8875403.0
5183725.0
11047458
11166101
2873152.0
5358396.0
9109872.0
11684087
4332573.0
13413536
3612274.0
23120111
12820642
3716596.0
10571752
16392583
5766033.0
2936943.0
7854506.0
15414023
4781550.0
2228735.0
3161733.0
7189226.0
8330329.0
15946442
16509796
7178413.0
1916971.0
5957513.0
1.763186E+7
16506585
8834199.0
2253939.0
3922666.0
7793419.0
2371395.0
6555595.0
6691033.0
1990560.0
2.431702E+7
9136747.0
1591075.0
2141195.0
11522087
10086039
11477765
21819811
7441013.0
1.104566E+7
12489426
5953292.0
6562966.0
5721600.0
2560116.0
10217947
15139802
5852248.0
8026538.0
6926283.0
11976356
12350525
16404728
1.612441E+7
2230424.0
4644912.0
13463752
15937059
3215314.0
7817726.0
2583661.0
2429872.0
4771391.0
6823344.0
10552346
7406056.0
5363393.0
8686691.0
13465178
23776763
3838267.0
8626831.0
24079301
9646661.0
6885001.0
9217354.0
1.216082E+7
10033442
4532669.0
18098668
1611841.0
2974839.0
13139773
8557640.0
20974832
6959830.0
15297122
12643351
12614906
15112658
2895727.0
6600885.0
6731100.0
14699664
5234970.0
10653238
2544029.0
1.074298E+7
2692404.0
4851715.0
2193221.0
4780477.0
4421224.0
17837083
13638117
23901496
14783666
12986956
5112117.0
5076565.0
4091355.0
14042761
10202122
7389857.0
3012442.0
9930415.0
4742469.0
7422070.0
24300153
12237028
11205585
3069168.0
3664871.0
3739709.0
19737929
16595602
6305560.0
4235742.0
12821528
8337963.0
12032406
7232327.0
7138463.0
4141844.0
24045935
8966501.0
4640903.0
17089977
16677171
7618795.0
2044860.0
1.202327E+7
7877880.0
8431901.0
14265304
6210204.0
2511601.0
4630969.0
7763068.0
3144008.0
8047864.0
6328796.0
25063379
18789312
1.192716E+7
2837182.0
13436543
14445944
1990973.0
4387140.0
12273095
9449399.0
5492500.0
5207028.0
14162873
1249386.0
16532451
15996168
4648920.0
6450006.0
5061955.0
19648465
19530459
1.25296E+7
1792165.0
8615480.0
2636624.0
1911105.0
7516013.0
1626619.0
8072081.0
1689617.0
12851178
6659449.0
2448302.0
9137499.0
14223361
16787389
11696094
10637545
4363909.0
4590102.0
1.396607E+7
2067943.0
8617304.0
3635050.0
8479128.0
2726267.0
1655870.0
3366907.0
3375019.0
3165704.0
7519996.0
16038269
12887436
4388155.0
7903231.0
10371442
7838150.0
6592302.0
7962983.0
12015024
14607673
11095052
4923307.0
10454286
2114249.0
7655051.0
1.117577E+7
4640174.0
1721090.0
6522260.0
5013522.0
1968603.0
2477754.0
3597727.0
20333332
14025216
17842382
10806028
5673487.0
6459456.0
9210558.0
11917713
4204111.0
3217028.0
2333066.0
1378845.0
3820861.0
11948107
5118222.0
1.31521E+7
1.296758E+7
2596476.0
20440047
14411741
7804326.0
1592143.0
13940312
8033311.0
8112535.0
3862725.0
6022801.0
9490432.0
1694282.0
20072311
9177366.0
7968451.0
11634293
1.111462E+7
2489782.0
8231043.0
9673041.0
1908872.0
11300307
4737828.0
12563129
2193719.0
3336724.0
1899403.0
10033458
24825553
2708297.0
8420581.0
4995042.0
13415644
13933431
11044014
5194592.0
3404568.0
14445012
10638846
14050539
7365950.0
11629891
12792926
7996782.0
6751095.0
11455951
4912163.0
17345936
16881045
2640924.0
17432035
15579302
16695357
3157571.0
14024258
11916233
8831698.0
4014251.0
9614083.0
8779034.0
3351029.0
7171907.0
7823772.0
1.287397E+7
8403260.0
5357261.0
7328450.0
1.640613E+7
8520154.0
10190687
8048480.0
2336474.0
10889616
10843914
9153640.0
6967891.0
4806581.0
9792152.0
7986013.0
13276694
4546284.0
3151165.0
4229775.0
12888595
18337937
21744608
13212798
1.082083E+7
1422929.0
18976553
8227847.0
5699417.0
3349779.0
13836615
7095546.0
4133256.0
20940394
6785460.0
19738863
6518232.0
14767484
7131378.0
6357947.0
13879462
3099146.0
9989889.0
19434167
15079042
9060509.0
2048721.0
4771111.0
2309046.0
2106418.0
14452712
2177007.0
6224904.0
3625008.0
3794692.0
7247426.0
16141324
3484165.0
2297594.0
8327368.0
12087222
1.440182E+7
2733912.0
9988193.0
5090465.0
3141623.0
1.110618E+7
6923811.0
2441444.0
22716177
6697755.0
4710856.0
1.485735E+7
14218494
3975029.0
1.696885E+7
14985655
18873621
8598629.0
4765685.0
7331189.0
4584934.0
15297506
7583376.0
10787926
7436758.0
4768328.0
4330676.0
13808968
14324013
17950006
11956595
10943629
1355329.0
23491251
12808116
3271041.0
2940520.0
12037753
8797659.0
6213597.0
1.016206E+7
3574971.0
4862173.0
5344822.0
6808330.0
4343286.0
3313961.0
16843547
1.818719E+7
22501893
3704040.0
2229543.0
15990787
1928594.0
10725879
6680648.0
4663133.0
1.667683E+7
14466223
11139122
16992852
8828627.0
3643385.0
2471448.0
7826950.0
23717421
15670664
17580163
1643534.0
4257553.0
5982312.0
9661795.0
2900136.0
13736113
13556013
6697476.0
3456747.0
1839948.0
2928983.0
2207877.0
6324694.0
15853014
9511765.0
8236388.0
3594663.0
16041366
22159146
2492235.0
11270747
10977406
5277336.0
7931652.0
7551618.0
3864670.0
6235274.0
11571804
16093719
11533114
24450422
3063718.0
6875934.0
17084306
1.134791E+7
5238072.0
1720243.0
3619357.0
10399264
3523868.0
6387653.0
4873415.0
12200056
1.015061E+7
8669382.0
2228173.0
3292323.0
2.296186E+7
14788669
9889252.0
1905732.0
12295007
3609614.0
6504744.0
4596366.0
11164717
5756487.0
3171256.0
5197270.0
2058025.0
4652779.0
3796952.0
10458971
17513017
10482997
4261976.0
2118223.0
2553835.0
20309178
6269555.0
11568984
4968076.0
7539294.0
6808099.0
3387760.0
5957442.0
5718798.0
17470552
4125181.0
3642075.0
5751672.0
8290899.0
3584456.0
20288925
7468127.0
1.844055E+7
7809287.0
1662505.0
2362253.0
4092911.0
1.376135E+7
3747850.0
9070968.0
5923447.0
7273688.0
3921100.0
1936062.0
4744472.0
5013943.0
15991563
14412103
18386384
1999298.0
6730538.0
15918321
8113517.0
2990212.0
12599249
4520519.0
5107176.0
11387659
1490301.0
2583696.0
1502451.0
7322777.0
12666283
11300208
1273739.0
6425899.0
8201572.0
12594922
12573652
9463315.0
2998473.0
9372447.0
7065202.0
4809151.0
8283615.0
4890730.0
4211508.0
3960704.0
12911158
19268805
24549954
10314123
3708130.0
10440016
2928624.0
14508155
10778856
9239137.0
1.5757E+7
1.27674E+7
10113656
4613350.0
9861576.0
7948685.0
3993170.0
16430056
9309127.0
5284143.0
1.559872E+7
21113805
1660876.0
6090388.0
9804642.0
7891049.0
12014643
10898112
5094831.0
2454556.0
4229009.0
12563046
3486081.0
2210929.0
2403224.0
4016730.0
12539365
2065928.0
5470264.0
6791659.0
5915930.0
12169126
12828462
10805521
7648011.0
15052548
2644381.0
6455300.0
3315326.0
3690921.0
7482104.0
2349919.0
11667638
2917115.0
12989848
5236479.0
9513264.0
4054281.0
4090566.0
5759801.0
1.112887E+7
5838893.0
1351798.0
13419755
4576208.0
5551921.0
12089675
4514538.0
4028003.0
11730616
2511099.0
5578555.0
12959518
6795617.0
12963844
9438557.0
17497946
7168206.0
6828805.0
14677262
4479587.0
4885835.0
8358790.0
6053030.0
26407963
18667138
6040278.0
3617262.0
14449298
9422619.0
5967216.0
18444482
6395771.0
4347778.0
13929857
14834608
1960485.0
8581517.0
2236532.0
7484875.0
6679432.0
5044767.0
4231038.0
3946441.0
21693578
9782794.0
19605569
10844154
11498861
4691400.0
6579964.0
2288579.0
5896241.0
12706634
9263691.0
6867824.0
2235961.0
12254543
6389036.0
4659321.0
1.858786E+7
18609257
24149108
16011621
2264512.0
9948537.0
3981488.0
5787518.0
2898321.0
6664126.0
9557596.0
10439507
7676726.0
2985582.0
3348701.0
9283605.0
5319871.0
6870130.0
9424846.0
12297557
1.339663E+7
12141478
4503029.0
10314502
5371430.0
2278092.0
8957677.0
11544519
1402919.0
5571298.0
9815235.0
5568297.0
7244920.0
16663433
2838851.0
2883365.0
14275922
20715985
7266248.0
2553616.0
3722468.0
11677491
8177445.0
9216645.0
6417927.0
10588727
9310616.0
1638046.0
5661287.0
1697086.0
2396957.0
14466251
2073531.0
3060700.0
9826794.0
4888787.0
6367346.0
15509246
9451740.0
20948019
14391893
4879645.0
15993603
9958753.0
4134255.0
9754071.0
1896927.0
3371927.0
1759090.0
16124626
9137009.0
5399306.0
3682481.0
4599442.0
2344638.0
3735167.0
6506121.0
3259152.0
7072356.0
10945318
14209473
5396944.0
1.496122E+7
7459464.0
1823478.0
6838486.0
3835784.0
2916957.0
15239501
7111694.0
3399337.0
5416392.0
11965414
8387387.0
2394604.0
15736383
11354567
5200267.0
15066421
11071573
3457776.0
6344789.0
3691991.0
5310006.0
6944876.0
6698171.0
3627680.0
18377027
20918132
17509131
6360121.0
2461421.0
13877848
5953581.0
16824834
10844018
4698645.0
3487677.0
3210673.0
2605628.0
6423026.0
15017327
2236394.0
5638681.0
5768024.0
2847795.0
6430157.0
11049492
9591261.0
7962429.0
6489025.0
7299862.0
6250801.0
4611262.0
2556431.0
4133014.0
1.134251E+7
1.308758E+7
5836285.0
1637603.0
12818844
6675372.0
11476307
22073776
3030689.0
9161191.0
1.72396E+7
11598961
4544434.0
7928987.0
12570767
5008951.0
3971091.0
4460142.0
6656507.0
1958727.0
14282295
13251117
16997197
17848302
12854866
2364957.0
12777297
9960297.0
7783326.0
1994065.0
11738164
7161923.0
3526181.0
3545278.0
7932124.0
7094667.0
3426297.0
4346592.0
6040105.0
7788471.0
26564525
7725971.0
6317940.0
7008390.0
16038053
17271508
16785399
1.862118E+7
10499965
6325712.0
12954676
4151890.0
9415255.0
3391844.0
4712255.0
5532129.0
5704184.0
18280757
2058329.0
7404605.0
11682922
7296390.0
12038441
5235509.0
12322332
2457828.0
9734514.0
7209351.0
6224470.0
6710116.0
2410913.0
2284759.0
5437846.0
5450674.0
2535731.0
4808260.0
27099513
5013619.0
15210216
13839026
9480210.0
4405073.0
4521422.0
2441229.0
7108148.0
3846975.0
7768446.0
6330108.0
3506664.0
16229623
8890538.0
6170956.0
20086797
17792231
1.164271E+7
21463251
21394085
12721469
14299622
1.888064E+7
8100702.0
7949204.0
13325815
3678233.0
3170577.0
4449022.0
5197272.0
2980272.0
19769092
8172501.0
2080867.0
21776455
4692437.0
7042958.0
16022297
16745007
5848263.0
12144136
9421693.0
9662417.0
6793295.0
3059618.0
3877406.0
2071504.0
21292468
4464197.0
7788150.0
3173869.0
3036682.0
7392756.0
10818325
12294087
3071738.0
16809411
16923087
6351184.0
5121608.0
3856638.0
9080272.0
10959196
6090877.0
7812290.0
3949674.0
1750276.0
1.116192E+7
5519446.0
15698065
10094725
12380766
3588067.0
5011396.0
5287663.0
4870120.0
5229099.0
2185702.0
6359628.0
15810778
16046008
5115018.0
4610471.0
8516797.0
14996486
7293474.0
24669512
8193587.0
10012997
9589732.0
8020947.0
15644682
3062429.0
8374601.0
8395338.0
12837206
9751097.0
16011437
7870317.0
6332059.0
4528984.0
6007434.0
8299982.0
3271606.0
6805042.0
14233586
21506947
12787661
13764114
1.948953E+7
15795046
10302808
3139627.0
5084954.0
7300583.0
3252232.0
3309364.0
9326589.0
2916611.0
20027615
5342280.0
2126940.0
3275562.0
6786880.0
7271404.0
18782535
20262662
19904016
12093571
19674376
8123549.0
10698366
4665275.0
12831782
3964167.0
15104876
20006902
5840448.0
20609861
12330937
19591082
2344931.0
10671552
6035724.0
6311678.0
9337854.0
8249641.0
8479591.0
3040586.0
2136570.0
9875271.0
6971567.0
6270772.0
2292680.0
6054552.0
9453316.0
19717596
7259561.0
14534614
13113828
8174470.0
3416815.0
17431963
10001271
5604186.0
5167067.0
14228504
8997772.0
4197351.0
7567281.0
7304504.0
16035458
15804744
12942186
2885204.0
7802765.0
8495362.0
4615794.0
12383681
12148777
8699367.0
13946744
8452323.0
6074196.0
3066735.0
8453108.0
10501974
2.147047E+7
9423512.0
1598282.0
12490747
14013726
6446895.0
20408219
8008598.0
6206687.0
7931951.0
5200802.0
4460543.0
7449135.0
1706858.0
1863085.0
2914712.0
11180772
22036594
4823174.0
20391973
17780067
10267624
1.614651E+7
18815609
4160771.0
4253256.0
2858024.0
4792480.0
11050948
5360137.0
14966696
4694665.0
4152418.0
5760627.0
3219960.0
6672542.0
20250297
21504916
3915186.0
9117455.0
4528336.0
1921292.0
1.142438E+7
12567503
6104765.0
2540822.0
11475178
5635502.0
8373656.0
20085084
4859781.0
3052124.0
12189774
8449447.0
8397218.0
9834206.0
4262093.0
2919843.0
8442283.0
16824096
13388042
9001465.0
2666850.0
1.364601E+7
6953205.0
6153511.0
9467585.0
10072548
5454166.0
17545737
6402476.0
2.182986E+7
15177043
7552832.0
19746659
1.392064E+7
11712715
2479992.0
13388986
12883449
6825452.0
4864637.0
5412544.0
9325607.0
8349808.0
13557167
6428726.0
9613454.0
2.368271E+7
18707838
6512622.0
7442204.0
5329487.0
2924122.0
14282189
4992433.0
4741511.0
9263473.0
14751288
6957331.0
5141631.0
3363795.0
5835412.0
2675641.0
9831180.0
22371817
12044509
3012508.0
1621603.0
3480665.0
17633372
8322302.0
3068374.0
4319059.0
4939627.0
2185169.0
1.231863E+7
19115647
1575718.0
1228214.0
19954272
6368449.0
3889845.0
18522168
1779640.0
9978191.0
9060813.0
5522956.0
12632394
6694267.0
2298706.0
3604392.0
2486437.0
1836286.0
6182360.0
3596054.0
23887014
6308127.0
20222815
2155150.0
2917850.0
4855840.0
9895120.0
15795721
6454806.0
2408779.0
10596037
7587915.0
5236208.0
5030609.0
2616055.0
1651942.0
3463408.0
4861104.0
5190364.0
13914629
3606069.0
12429571
5896923.0
6165074.0
18493105
4204072.0
14685272
2038801.0
10757927
7145182.0
9288828.0
11147456
8092289.0
8448629.0
3928918.0
9811569.0
12004236
5845815.0
4183183.0
18856316
17306624
3934548.0
17760316
9277762.0
5185511.0
5975871.0
9157161.0
7777490.0
3658288.0
6005770.0
5162671.0
8477480.0
3324981.0
17623436
6118007.0
7035504.0
4485119.0
3935230.0
8594990.0
9001762.0
4734292.0
9560168.0
11962077
14404733
7953319.0
10689293
5010433.0
8363433.0
4612833.0
15864316
3202806.0
3449258.0
11137188
17573977
2642082.0
15092862
22486162
14646345
1.643972E+7
13843597
12609653
6743619.0
3511436.0
5014781.0
2890294.0
9838465.0
10131898
3824533.0
2780188.0
5064359.0
7932285.0
14630523
16426726
10619662
22978084
6988922.0
5012339.0
10755545
17333984
1.149575E+7
4018496.0
5210392.0
1.224162E+7
5165024.0
8198329.0
7259670.0
16284104
9888960.0
24891301
8929472.0
15344005
4503463.0
8261963.0
10275398
11391955
4291498.0
2799999.0
5409943.0
1973738.0
3164679.0
12134695
3560746.0
3828936.0
3312061.0
20994419
14656736
1.53502E+7
4245088.0
2245716.0
8834586.0
11042635
1844194.0
2665297.0
6305020.0
1.097048E+7
5809387.0
17495705
18795595
7303983.0
2189924.0
16484152
8144725.0
4431430.0
17128878
3643098.0
6332709.0
19092223
7412381.0
14398444
19059912
10451052
3142408.0
2277489.0
1874729.0
8212998.0
2519619.0
2621014.0
5764159.0
8341275.0
5654879.0
17970677
17400374
6585670.0
8396654.0
16457838
2580176.0
12996444
9542881.0
1.262371E+7
3054276.0
8459616.0
13414938
2391760.0
2870075.0
12053239
4802187.0
18068407
5490904.0
13623738
17548456
16252863
4699027.0
3013684.0
23887502
2186771.0
11188272
5050336.0
2204741.0
7274805.0
1875533.0
2600292.0
8247541.0
16596467
7737508.0
8170057.0
1439251.0
13982001
10206572
3477260.0
5104020.0
12747229
13897299
4517093.0
3961043.0
5239092.0
1469232.0
8302899.0
4256048.0
9857911.0
20233327
1634403.0
4994663.0
3618652.0
3115398.0
11857987
7019082.0
6336011.0
2402894.0
2.319676E+7
9514792.0
4170953.0
10190351
7431945.0
11148758
2926516.0
3340725.0
7927318.0
6950935.0
18101263
13406909
2879893.0
4801308.0
15144841
17674516
8294599.0
11455381
7509777.0
5973064.0
3294985.0
1.07297E+7
7189387.0
3302231.0
5618626.0
3716309.0
9898367.0
13240835
4369766.0
6012918.0
9190498.0
6594210.0
1.837424E+7
13542497
2329180.0
1.19901E+7
10021994
7382715.0
1419833.0
1298281.0
2322921.0
4000071.0
5495500.0
16521881
2.138082E+7
7323279.0
10414372
3381546.0
7645273.0
9302098.0
8197440.0
5800492.0
7870624.0
4971024.0
6931168.0
7104142.0
13204506
7572971.0
1293517.0
8371561.0
4255215.0
1.162909E+7
7977098.0
19300139
4775116.0
1463576.0
6002623.0
15604876
1.934224E+7
5937791.0
14123141
2811128.0
16568605
6579856.0
2744104.0
4226113.0
3669408.0
1.273058E+7
8222256.0
6099419.0
2540888.0
4503736.0
2759536.0
4087347.0
11968374
21089576
11457494
4866171.0
2994516.0
25777587
6834628.0
6784385.0
5539099.0
14676164
6296528.0
1578870.0
5322172.0
1.035805E+7
2932523.0
1.616584E+7
7698002.0
11434061
18837551
6406610.0
2.175042E+7
16256251
4504647.0
7194972.0
13478213
1450985.0
6115308.0
2967471.0
2227315.0
5554032.0
5212907.0
5653731.0
14406271
25942728
17321444
14680753
3559331.0
2796314.0
8323016.0
6155622.0
14064029
6232598.0
14600165
5334817.0
3179279.0
9661550.0
6596273.0
20969774
9045911.0
1576478.0
21191449
3366170.0
18524273
7491249.0
6541981.0
10245953
1.017165E+7
10787647
2650194.0
6696924.0
6340437.0
9404062.0
4027919.0
12106766
1217049.0
18264779
7619418.0
15088145
15067332
14638444
7335577.0
9861303.0
8055536.0
15761828
1.065457E+7
8817570.0
5846682.0
4897414.0
5661636.0
1.873827E+7
5106943.0
1881196.0
16003594
2090829.0
4193500.0
22352313
11714106
12429461
1.373156E+7
13514396
14441013
3599255.0
8465946.0
7480948.0
5971914.0
7296066.0
5048623.0
2028152.0
13306713
12787975
2650425.0
1996615.0
6230735.0
7708114.0
8848163.0
3906623.0
2902292.0
1374517.0
6664911.0
3874064.0
9564466.0
2022303.0
7393690.0
18816346
11009458
3472337.0
19760714
15383191
9098468.0
8396387.0
1.304671E+7
1592423.0
2883446.0
3779091.0
4702093.0
2636722.0
12192406
16556934
4138077.0
8501754.0
7446418.0
7749496.0
5611413.0
8591556.0
8114819.0
7388639.0
10948747
14334466
2192440.0
8884304.0
10496389
7838441.0
2.122016E+7
5105747.0
9062262.0
4712823.0
6014655.0
7018906.0
16876164
1882776.0
3068732.0
3078387.0
14493963
14792415
6758388.0
2365238.0
5210640.0
3952241.0
4722044.0
8730637.0
1387805.0
3003727.0
10036919
1.593683E+7
7714570.0
4693699.0
2928011.0
10798128
6094989.0
6627333.0
5310930.0
1772890.0
11175343
4762714.0
2231215.0
16664324
5975916.0
4699851.0
21284417
18701575
2.056266E+7
16271311
18836086
5099842.0
16971892
13129114
3429847.0
2622566.0
3403379.0
12136031
12895741
17292535
6742508.0
2890593.0
15422123
6347358.0
11031191
10068826
1952253.0
2945238.0
14985151
7592475.0
5416148.0
4275002.0
7306173.0
3292144.0
8777842.0
8166283.0
6184096.0
5596039.0
12086515
7352847.0
13256093
2945725.0
4195852.0
11282943
12327028
7801148.0
5703385.0
8240911.0
13690769
10320694
4057072.0
4758632.0
4422564.0
4536733.0
18174196
11870975
5525968.0
23852932
6117085.0
9392819.0
9293375.0
3211160.0
10757797
20692259
20645879
11667841
2240186.0
3689145.0
1909929.0
14889309
13862193
5086705.0
4048512.0
11547552
18321434
24950559
2436548.0
8197643.0
1.561497E+7
4663706.0
19362513
12048025
3724902.0
9424657.0
11652457
6208111.0
7587485.0
3979280.0
4472744.0
1.394824E+7
1906395.0
4374264.0
6609600.0
4962177.0
6954905.0
15341377
1771890.0
23544092
4993870.0
12140271
9529614.0
15770253
5608083.0
3320095.0
16104227
8562215.0
5444605.0
11871261
9617327.0
1769825.0
7117012.0
17305276
21269209
10103972
12667538
4583402.0
9014011.0
17474696
5683205.0
1907962.0
3446989.0
2507888.0
7930697.0
9130991.0
11889497
8663939.0
24157128
1963962.0
3149453.0
6866338.0
11601983
1.502968E+7
12409132
2580082.0
10433582
6748721.0
2241087.0
9837696.0
6404780.0
7861963.0
8814066.0
8480251.0
3239854.0
12820591
6533891.0
19899359
13609126
10581446
6312416.0
5637635.0
1929179.0
11154391
6640107.0
9920990.0
2683914.0
8497980.0
9347912.0
9225985.0
2824120.0
5281021.0
1516834.0
2787247.0
12624629
9627741.0
10304511
22887033
5143069.0
10960587
2733937.0
4009511.0
5521697.0
2149238.0
12912692
10134558
25294361
1.335303E+7
2100147.0
2824202.0
6031312.0
6511772.0
23382522
10504589
8769683.0
2664004.0
11559006
13634571
7870513.0
15213096
1775157.0
15459702
1876452.0
11465911
6108814.0
11559879
6336297.0
4760712.0
3749693.0
10786826
1.477144E+7
2.070956E+7
1752124.0
2.175394E+7
7286501.0
4735099.0
16117665
6034553.0
1679850.0
6395487.0
15040989
15278821
3188515.0
3497736.0
3698495.0
2037135.0
15361094
19225046
10620097
15280867
3168453.0
15243163
26656312
2510619.0
7364017.0
9018382.0
15866192
9341464.0
8306743.0
3867382.0
8286488.0
9431683.0
9175349.0
24368953
4270813.0
1590860.0
10732203
11306638
6515196.0
3754630.0
12963277
8189565.0
5738422.0
12068243
4652018.0
3754791.0
9055147.0
1934218.0
15482964
3764977.0
2325845.0
4030480.0
16945076
16049627
10182111
17978773
7746825.0
9006931.0
2833959.0
4002050.0
8182682.0
2136411.0
4549505.0
8851719.0
5204974.0
2989289.0
12004319
2460975.0
14409901
17373285
25945386
5762952.0
14664201
4239530.0
10469033
3616542.0
4988841.0
2791832.0
5160742.0
5703144.0
4580637.0
8302704.0
3617890.0
5131901.0
7543606.0
2186813.0
5010505.0
6464176.0
1832849.0
13194837
8145410.0
3448794.0
3189821.0
4250286.0
2890808.0
10606014
4692934.0
2695751.0
5833490.0
6097845.0
2475966.0
8031129.0
2988873.0
3939221.0
4679867.0
5324940.0
13300673
20036059
8736493.0
3556657.0
1.329471E+7
5328853.0
6494690.0
5160789.0
13420108
12580576
6694784.0
3269501.0
2746597.0
10918141
2689081.0
12219714
5432446.0
2300494.0
21409845
7891351.0
21608916
4683141.0
12869585
16602434
22103789
16406846
2593102.0
2552358.0
7020856.0
5901051.0
3152360.0
20250024
1727932.0
4627494.0
13926156
15404373
2.040902E+7
9041518.0
4930935.0
8009574.0
10924601
17454646
11695437
2416321.0
7924127.0
2068919.0
6816249.0
1462888.0
6025153.0
6123651.0
11057385
1.719755E+7
3009243.0
3906301.0
19307363
3515569.0
8794915.0
21189396
1.032945E+7
4448956.0
14613279
2221742.0
2073324.0
3403912.0
2493827.0
8044738.0
3174213.0
14512067
5122209.0
18370692
13846039
10955298
8790027.0
2719760.0
8805236.0
6543235.0
13066386
14698252
4797144.0
4903548.0
1615674.0
4908304.0
13797432
20873498
2698415.0
3707940.0
14565456
15154631
12962341
15946131
13756477
6087051.0
10245505
7157094.0
2052101.0
7637882.0
12056992
8997222.0
21358169
1.150403E+7
6403321.0
2515512.0
12716575
10533015
9215659.0
7049479.0
18946179
1692570.0
7730251.0
2165765.0
6416938.0
1203760.0
8286763.0
10937998
4862819.0
1344646.0
6366822.0
3106829.0
17297124
8972333.0
5598729.0
11099189
15802771
12365502
14703451
15923186
2307448.0
12500369
4274398.0
8244237.0
2112375.0
5092484.0
6485587.0
3442102.0
4144069.0
11964535
8397611.0
12704421
11791127
3401146.0
18786205
8122205.0
11189922
7661510.0
15091889
6446708.0
16621603
4610351.0
6350141.0
5235815.0
1649093.0
3705652.0
2519429.0
5925232.0
22405781
13591891
2747022.0
13099264
8742424.0
7552497.0
4399739.0
8486609.0
11003293
4753208.0
9086039.0
2778415.0
12724032
15855628
4653996.0
1392125.0
10119368
10082155
18008919
2921101.0
7000798.0
13810991
1676888.0
7153759.0
6795774.0
7963790.0
3281115.0
5912945.0
3554154.0
2845634.0
6891203.0
8038293.0
2058641.0
11957044
2482667.0
8822948.0
3417204.0
5106251.0
13048288
8015465.0
7670854.0
5481116.0
5516210.0
4736545.0
2182851.0
16242306
4422212.0
2124633.0
14217818
20143749
4173195.0
10314773
18687042
8770883.0
4890634.0
5424440.0
9739732.0
2693646.0
7997389.0
7134678.0
8599727.0
6927848.0
9015825.0
1741946.0
14411242
1.081723E+7
12117228
13203235
7812490.0
2446224.0
7684464.0
19408887
4092303.0
11679135
12781517
1913399.0
8529105.0
4071958.0
1697811.0
10015785
12011001
19166539
6443255.0
5518552.0
15633572
20774144
21308213
10035481
8512064.0
2747213.0
16503513
4543068.0
3160855.0
11888953
11152231
6981096.0
5968086.0
3959727.0
3434150.0
5648262.0
14344833
18226905
20504134
20810484
13694619
4654074.0
6610677.0
6384244.0
10522324
3970345.0
10824103
9680119.0
11474739
3350792.0
15214137
5876120.0
5975471.0
1905078.0
4277986.0
4558315.0
24176123
18855329
4037286.0
1.490112E+7
13289939
5932821.0
11486469
19028044
12915968
10455591
6989371.0
9837000.0
2712011.0
5911496.0
7778881.0
3928184.0
21187798
16285566
12763454
16608654
5261631.0
16131019
4212728.0
2597966.0
5914374.0
8350400.0
13123068
9537612.0
5366750.0
9219618.0
9989787.0
2274787.0
16227307
19531325
4991981.0
2571066.0
1630275.0
2.376617E+7
5597013.0
13514485
10767365
9931834.0
10271178
13783889
2074494.0
4801509.0
1562272.0
2015899.0
17909794
18335508
4676394.0
4323082.0
10341861
7748185.0
7296659.0
18339258
13834217
9384110.0
17644582
23802362
13209271
2997704.0
6088180.0
12250366
5064402.0
2143802.0
7956701.0
4491469.0
5826254.0
14537869
17542834
7338006.0
21152384
7447116.0
13035525
8025222.0
6763153.0
4393042.0
2452680.0
10576318
1528896.0
27931996
5407927.0
4921603.0
16504933
1.953265E+7
16551739
3078180.0
1.219764E+7
11287606
9234700.0
2091144.0
18118572
9917536.0
5199443.0
2799705.0
4674606.0
1878225.0
10040077
1537899.0
17209872
11118382
5557238.0
14637284
11719758
2236056.0
2385705.0
10182197
9050831.0
6695251.0
1.423211E+7
12923718
2432145.0
3639133.0
7020127.0
3703197.0
7435649.0
20557474
2520698.0
26564968
3308891.0
17327802
6468817.0
4393494.0
16907595
13292813
7900101.0
28827292
2859242.0
6889255.0
17202989
15668393
2201771.0
6065300.0
7455023.0
4251653.0
8869332.0
7647230.0
7714489.0
7493854.0
16885532
5006627.0
16817484
21567154
1970969.0
10381086
11698358
8475255.0
11846413
8519765.0
6195038.0
1243745.0
4219300.0
3620266.0
2770568.0
6081471.0
7031792.0
11510448
9489322.0
19056951
1.327713E+7
8675724.0
7573523.0
1494722.0
5667476.0
9786105.0
16500242
1787451.0
9603092.0
7181398.0
2339497.0
4979698.0
1.800461E+7
15650225
10694522
10389288
12686123
13952376
16448052
9805668.0
3144584.0
4946256.0
11264015
2866039.0
5710777.0
2309920.0
3705999.0
5958447.0
3012253.0
28475014
3326016.0
1762706.0
13200227
12171801
9578664.0
13453239
1.175893E+7
12456466
7431502.0
10171553
4611950.0
3410103.0
3053802.0
6018364.0
4178925.0
18317658
3042478.0
17848634
6760575.0
4736718.0
2.479034E+7
6896378.0
16030822
2838696.0
16902715
4947271.0
8562206.0
8866243.0
3932607.0
8450533.0
1806829.0
9417825.0
6616452.0
2226183.0
22509364
7545019.0
16446799
3170968.0
10187652
8351158.0
2.145162E+7
17792703
4451641.0
4976309.0
13104685
6568497.0
4259886.0
3391110.0
6957630.0
2443558.0
1559442.0
19599752
2164103.0
8258333.0
3441928.0
2817707.0
3416973.0
14786939
4213758.0
3479151.0
5997074.0
4180776.0
3413793.0
11005568
1.947332E+7
1.401053E+7
2674125.0
3454430.0
6643688.0
6773974.0
24078578
20109253
2267274.0
3661202.0
2707633.0
9541668.0
11063405
8572478.0
11611305
5279255.0
6345513.0
4661855.0
7176830.0
1694481.0
8400931.0
2162585.0
13640993
6519248.0
2995444.0
10831883
13433892
2033860.0
15447546
1.85426E+7
13629553
15104262
14857149
20249449
6020055.0
2144586.0
10874593
13116908
4035646.0
1.048284E+7
2834608.0
4435538.0
5540145.0
6736908.0
7708989.0
20460605
11547191
7415223.0
9262071.0
12548639
5636259.0
6146564.0
11209224
6447596.0
3836419.0
19655062
1882903.0
7276938.0
8623871.0
3392140.0
14195472
1.365509E+7
12488194
17111332
18215694
12982911
9279722.0
11444578
14944307
10140029
7470587.0
5897408.0
7867097.0
6097563.0
2.088382E+7
2933512.0
14776787
23138593
14619408
8577410.0
8872747.0
10184386
5262797.0
3697969.0
13437931
2564037.0
4308439.0
2737497.0
1670194.0
4544274.0
2648703.0
13353914
1654449.0
7286367.0
1491577.0
16169086
10085824
22946285
2801453.0
1.691378E+7
12992008
6803866.0
9336154.0
1490059.0
11961836
8035348.0
15614133
12403789
1780748.0
6334757.0
19052546
12428604
8800212.0
11360737
3685766.0
6075884.0
11264139
9249701.0
12422784
9099424.0
11536321
5520123.0
2177999.0
5184104.0
4636190.0
10149051
4128568.0
20502261
3265238.0
2.039975E+7
11894438
10325324
1.649901E+7
8642761.0
1.566914E+7
11013059
4971706.0
10348517
1.008415E+7
3508331.0
9463362.0
9842762.0
7781192.0
17724085
2688538.0
10289636
16412722
4127744.0
5765544.0
16951068
12767874
14088118
9666039.0
3533273.0
2900287.0
5800323.0
4498424.0
2256836.0
30404418
7721102.0
2311462.0
3891961.0
2580760.0
12968714
15942842
16700067
18824831
13553333
4510473.0
10001654
9700362.0
1830785.0
1.275844E+7
5463227.0
21835833
6126155.0
2915175.0
3211431.0
4173925.0
1904541.0
12190722
21966295
12024033
17915847
4291040.0
1471091.0
5403954.0
7288567.0
3438555.0
6108980.0
2229578.0
3757107.0
1535598.0
6764980.0
3914198.0
16691074
7220668.0
21919772
9462073.0
6268229.0
7002460.0
12172896
4794526.0
8034021.0
1.098905E+7
1408727.0
1442484.0
14386811
7430497.0
7674244.0
1.45459E+7
20258432
21300188
3757431.0
12529145
2095174.0
3062725.0
12070608
6145624.0
10156582
9641358.0
3872292.0
4221077.0
8050906.0
1.001395E+7
7822205.0
4860990.0
14823883
3732698.0
21720705
11768234
17027349
25278429
19943119
10834916
2205569.0
6427645.0
14746227
9246785.0
2190496.0
6316606.0
5009305.0
2.461272E+7
10972096
24893928
18816448
9379936.0
2413019.0
5944904.0
5088272.0
17903323
19403671
13673777
16096652
1.291135E+7
3845215.0
2263997.0
3874517.0
3404672.0
8290329.0
9465705.0
14889762
6539853.0
4133961.0
4853586.0
6750247.0
18892932
6458713.0
2877979.0
4886584.0
12593852
3164166.0
7888266.0
11482411
6435263.0
1993460.0
2874437.0
2988582.0
3718030.0
7811274.0
2968129.0
4822889.0
8913874.0
18885724
18879408
15042106
5790974.0
13362303
3768208.0
13208263
3025740.0
10392433
2609793.0
7452229.0
9136038.0
4777711.0
2048656.0
2255326.0
17052373
13775838
2952857.0
13872174
12773777
15700549
5167348.0
2298793.0
8354660.0
12389443
11890262
12382897
3192063.0
1663167.0
10918564
6052134.0
20318685
13888746
4361663.0
4326117.0
1.672698E+7
14459172
5346933.0
18479998
8186905.0
1688770.0
10026799
13145942
8219965.0
5650562.0
3122800.0
7508728.0
1.254502E+7
6491861.0
2090372.0
22459794
1554023.0
3572721.0
3097877.0
11876766
8698444.0
4951863.0
3827724.0
7130256.0
9802261.0
7861941.0
2452709.0
6617180.0
2857236.0
29437765
3943473.0
8784512.0
4594605.0
11010863
22077605
12848417
9435603.0
4206172.0
11757028
6680870.0
3558673.0
9344794.0
7464150.0
6186438.0
3495558.0
20254313
4891744.0
5397842.0
23329206
4670761.0
14136819
21106475
8782092.0
9626264.0
15007489
1.22774E+7
5351809.0
5375642.0
8247826.0
6904804.0
8666808.0
13618739
6223029.0
6348537.0
2362106.0
9361358.0
9655512.0
11682157
12364799
3013552.0
3622942.0
2152241.0
15273599
8408426.0
4440227.0
7305974.0
8859702.0
3514311.0
1976481.0
1.482006E+7
6283126.0
3599649.0
6250126.0
4994962.0
24579219
6978503.0
1576387.0
20789076
14393319
17281598
22025105
5248942.0
13616834
9542360.0
5764895.0
10038382
8682735.0
7900156.0
6192968.0
3965243.0
3979098.0
21166322
2846598.0
5863889.0
12502006
4594204.0
2344231.0
1.878245E+7
4669734.0
9659012.0
7726033.0
1567227.0
5425143.0
10617647
14056923
5514672.0
2356202.0
17331797
4534711.0
4791907.0
11154228
10825965
3453519.0
1582722.0
1.348129E+7
13961041
6328341.0
15781504
5181772.0
11921071
7596893.0
8318842.0
4628679.0
1738867.0
7389924.0
7942874.0
16267052
12580267
5426186.0
25154635
14295246
4076921.0
8863705.0
2785255.0
8961178.0
13244348
13133807
7817610.0
2103612.0
1920602.0
2947396.0
1421719.0
14057146
13254731
4920598.0
17645581
12791431
10771164
25812173
2.213843E+7
3377064.0
11562915
15475998
9001789.0
8055410.0
5140147.0
2489241.0
4015266.0
14444623
12910919
6376079.0
2997065.0
16948425
16482704
7561162.0
4856537.0
6170507.0
7694416.0
5494461.0
5539935.0
2354492.0
6082359.0
10958807
2724708.0
19299718
4124651.0
4640925.0
23320297
4371742.0
3856839.0
6889043.0
5788558.0
7295989.0
5042108.0
21288212
2388435.0
7391946.0
1.624783E+7
4617018.0
11448167
12269238
11373572
4277063.0
16617604
3846534.0
2.516697E+7
6451475.0
11599543
14090493
2207785.0
5841015.0
18820268
20180287
1.021223E+7
21473494
5293571.0
8026978.0
9318555.0
1822624.0
12104377
6270538.0
6072603.0
6209143.0
6314937.0
12996538
20046388
4245176.0
13237022
11921144
9879492.0
1915277.0
20983684
8619741.0
4465925.0
2662755.0
2630995.0
1616228.0
4960643.0
10899875
4377656.0
20786773
19941247
4365143.0
3135561.0
4578718.0
1.941536E+7
7535182.0
3019673.0
5869160.0
9887705.0
15235078
5313252.0
1923521.0
7296893.0
2690502.0
4796650.0
2598971.0
12104853
8761947.0
5192873.0
3975375.0
10993672
9965143.0
17151815
1.544885E+7
12580949
8077708.0
9321023.0
2410534.0
9269428.0
6336646.0
6096329.0
14341809
6317004.0
5423631.0
2058272.0
15835374
5645480.0
8888087.0
11783678
1.561329E+7
2208862.0
2594776.0
4053712.0
5361618.0
2288950.0
9112863.0
1441229.0
7719723.0
3629429.0
5439970.0
6071018.0
3378718.0
14071268
21243154
16398512
4375842.0
22331614
8211259.0
9882258.0
3307676.0
7257518.0
10676856
3216601.0
9426389.0
3084515.0
2609752.0
7982026.0
12313135
14018894
20135883
9075672.0
16388497
7419959.0
15238765
21441274
11408551
3376660.0
1.328483E+7
5914670.0
8251298.0
3001477.0
12233279
12719598
5951055.0
3402211.0
2922777.0
3796058.0
12088787
14872998
23140901
2483585.0
6207585.0
15957451
11329246
7769981.0
7759065.0
2734088.0
4635285.0
6433907.0
3823319.0
21583532
4527578.0
2795680.0
19013328
3731100.0
17342767
26859324
6104535.0
6933329.0
5090130.0
14807655
2903355.0
3077492.0
11671059
10657305
8593209.0
5600930.0
6916796.0
2224399.0
19363437
1.097917E+7
1956324.0
18996664
11656766
3171524.0
1.54411E+7
3236098.0
12715094
9475698.0
5347289.0
2255146.0
3701666.0
3401797.0
7293288.0
8753548.0
21720988
18240041
26445056
5791243.0
14284481
15386376
12345641
9364080.0
9181657.0
8849300.0
6141648.0
11779973
7590696.0
9512860.0
6889685.0
7739443.0
3.086486E+7
14681191
7658303.0
1864043.0
7172502.0
8923791.0
22023797
13760328
6351971.0
2402010.0
11391891
2398396.0
5398021.0
4175734.0
7387374.0
9668139.0
6326902.0
17183868
1370410.0
2538374.0
4123643.0
9238427.0
13315653
1.954376E+7
4506033.0
6348435.0
14014818
3933135.0
7078626.0
7389313.0
14983377
13489669
5614539.0
5920348.0
2717789.0
2972253.0
19914769
12565015
16891776
3577013.0
11937516
1862403.0
10828872
6459983.0
4361152.0
4733081.0
5124690.0
8168581.0
2107593.0
9280504.0
6723381.0
8447697.0
7284865.0
9275775.0
7248682.0
1.057672E+7
21328892
15536826
1772539.0
5255014.0
2579348.0
3526274.0
2580627.0
7486550.0
4116122.0
5226126.0
8274544.0
17950184
2570120.0
6825025.0
2259106.0
8570361.0
2094673.0
3173279.0
8413917.0
8140530.0
16793437
2526480.0
4448896.0
15204416
3813398.0
7879055.0
17216505
16008328
10255122
10101373
10583042
9017468.0
5073454.0
24066682
8137050.0
3921014.0
8657215.0
8973381.0
6098951.0
8162345.0
4153940.0
5698670.0
5703868.0
17175739
3957181.0
7555983.0
2003159.0
9457986.0
3296552.0
2.342537E+7
2600880.0
2950314.0
22981592
12740969
9720270.0
11410164
4025886.0
6357657.0
16838518
12182507
12166764
2259417.0
13599362
8616784.0
3668542.0
4834281.0
7957288.0
7284905.0
9371223.0
2249412.0
4567792.0
2.032306E+7
7825026.0
9777138.0
4633947.0
10113335
9119143.0
13658886
5295096.0
12001297
2434323.0
5538936.0
6581954.0
10276213
1.334274E+7
2565348.0
18950577
23002404
1.819605E+7
2419032.0
14449514
2534454.0
9793273.0
4113729.0
9481295.0
14573354
5381945.0
12741885
5298515.0
3832030.0
3593577.0
19182138
10134833
1112920.0
22678075
2122997.0
12047221
22654493
10281537
9579547.0
12220001
13155037
4693924.0
3953837.0
10418248
13186916
13550124
11135381
9266440.0
2.625285E+7
13677814
11413674
4571224.0
14757944
5993438.0
12635542
14564738
21954211
4691131.0
4538623.0
1.30939E+7
19772049
8406434.0
3489876.0
12435037
8200868.0
4306422.0
6417086.0
11721253
4206080.0
7638445.0
2126394.0
13369427
14757443
9665035.0
3228168.0
3915272.0
11820404
11586985
3572838.0
7295029.0
3337902.0
3072788.0
879969.0
9127764.0
1943449.0
8509079.0
2.361384E+7
2548677.0
2710103.0
4741964.0
3935451.0
7080241.0
19359725
14675671
11880321
4772490.0
2603173.0
6434082.0
1783697.0
8494472.0
8548696.0
6151663.0
2269439.0
2000071.0
22445448
16944189
15070278
4792060.0
6392729.0
2711882.0
1.285202E+7
1648286.0
6933955.0
3770779.0
6425727.0
5931516.0
4856164.0
5738103.0
15772417
9892201.0
7488196.0
23322201
2310527.0
26106198
13190066
2509248.0
17952776
17410535
9936939.0
7405021.0
8754632.0
1.483737E+7
6948099.0
23747786
9934016.0
7019538.0
4109491.0
4853973.0
1.727694E+7
1.111557E+7
6173519.0
6385036.0
6053678.0
8239802.0
10055036
2001612.0
12483961
14581891
3493235.0
5578959.0
3306354.0
1938652.0
7989999.0
3591279.0
12252649
2691648.0
8146823.0
3393605.0
2745744.0
12719385
4530992.0
9530144.0
6554728.0
11321672
11105003
4347371.0
20435589
4831691.0
6188998.0
13484774
1.495507E+7
16226014
2021381.0
14434833
1.004641E+7
3017677.0
11478162
4125351.0
14223129
14952221
5713052.0
11781628
11034097
6885549.0
14043228
6836335.0
3970738.0
4713475.0
8666983.0
5080714.0
2527311.0
5157563.0
3551773.0
24393825
16085537
14615896
1.43661E+7
5093608.0
5288657.0
6178767.0
7281770.0
3842218.0
7377279.0
15053812
4221340.0
26276398
23425456
6814566.0
2002948.0
2913788.0
13518937
1.464888E+7
9988848.0
16402795
3618764.0
3284380.0
4897137.0
9692108.0
5807198.0
3617837.0
11310525
3322773.0
2750863.0
3980014.0
8651300.0
9135234.0
21149076
5296580.0
12982961
15909677
15110466
5929327.0
7575905.0
11270073
2212791.0
4944194.0
7878800.0
5217107.0
20526162
7312871.0
1377446.0
2635941.0
2734681.0
12884393
2614864.0
10234141
6316671.0
8737338.0
8833862.0
7177457.0
10918992
3679065.0
1.929263E+7
2161666.0
1294157.0
9217798.0
3483293.0
22656342
5799197.0
2642069.0
2595675.0
14328083
2.007918E+7
8930136.0
10720775
10523783
1829543.0
10475008
4090418.0
6936279.0
5126240.0
5591747.0
4841925.0
6849753.0
2275555.0
3281940.0
3503575.0
15486359
2835140.0
5021050.0
15486684
13943688
10240475
7809428.0
13843149
13327984
4194566.0
2547878.0
11662392
2897275.0
17461773
7921608.0
2731329.0
5313659.0
8648142.0
11115601
17472392
2095691.0
8342924.0
1.554864E+7
8277998.0
8057356.0
6168196.0
3516318.0
7625246.0
22718642
10489198
7357034.0
3294251.0
2172650.0
2592139.0
9099148.0
8658328.0
1.091421E+7
9975338.0
2629230.0
3423721.0
1891263.0
8373380.0
10474579
15594098
7256126.0
21157212
5247261.0
5457750.0
4477908.0
4553311.0
2589183.0
10089183
2781766.0
13727802
10574261
3383141.0
2571380.0
10025014
4276041.0
1997412.0
15889298
7957074.0
4753555.0
4271098.0
12396128
2809953.0
15002718
2383277.0
8266134.0
8897273.0
15637324
11889774
10981567
2627242.0
14814691
4381688.0
5291263.0
6207826.0
1512995.0
2005263.0
10442677
13496141
16905416
18584496
15259919
6706948.0
21813172
7142651.0
14998623
3521059.0
15147735
3707290.0
3826088.0
4713019.0
4864481.0
5054137.0
2524259.0
10492954
3357072.0
14694245
14464237
6543175.0
23487586
8712183.0
4610609.0
2805247.0
1885585.0
4962347.0
5826388.0
2367242.0
9259800.0
10471515
2946651.0
11563218
4009780.0
6823946.0
9595579.0
1849611.0
19458437
4474850.0
8181593.0
6366110.0
1720117.0
8840895.0
7072064.0
1601142.0
5739453.0
7604311.0
3225760.0
14083043
3465858.0
4008638.0
20533635
15893426
10479297
13542854
10826807
3904733.0
10079327
10754312
5947193.0
11329187
10447366
7330034.0
2.014015E+7
21339809
2066601.0
5848329.0
7926247.0
8290585.0
19264942
7638889.0
1.752132E+7
3081601.0
4728127.0
4744245.0
2521661.0
11441465
11150988
11845622
12234563
6718328.0
10884348
5494807.0
7584934.0
6829958.0
7763180.0
2841701.0
7210226.0
20388111
5524728.0
14917453
2234528.0
14739352
9194468.0
11311585
4222011.0
5618979.0
4867811.0
7241618.0
6524591.0
3713308.0
5533862.0
4870098.0
15123005
21811365
2124853.0
12282806
25671918
16305199
19835541
2518524.0
1.492901E+7
5608224.0
2126947.0
14597071
7116028.0
3871713.0
3529677.0
6711230.0
8273861.0
16242386
2418743.0
1613004.0
14086589
13119186
9672161.0
14732532
9002411.0
5140080.0
3723124.0
9381346.0
9184719.0
2738958.0
11087714
2844883.0
26316518
5770849.0
6267920.0
5599396.0
16813483
6756838.0
7250913.0
16892917
5842390.0
2533896.0
3512965.0
5120723.0
2444552.0
5181236.0
13157085
5369233.0
2640003.0
5552149.0
8951698.0
8967883.0
19613151
22250562
1.317569E+7
1820278.0
14520648
19413064
9174477.0
16701298
9387913.0
4827204.0
2305456.0
13571576
6069918.0
4421870.0
6976140.0
7448247.0
1.854763E+7
12220358
13685942
9371683.0
1917176.0
14664609
4192029.0
11402416
4142408.0
5959350.0
2709292.0
8542846.0
9864763.0
4719077.0
7683403.0
4448813.0
18181439
2262070.0
1844757.0
4938826.0
10670713
2556432.0
3267687.0
1859765.0
7273273.0
2843022.0
5257233.0
6321368.0
2629965.0
7899688.0
12408233
4813624.0
3814448.0
2658130.0
2976595.0
2223729.0
2286849.0
9840148.0
11220917
3460334.0
18555612
15868801
9147116.0
7216631.0
7762569.0
9267506.0
1735246.0
4237027.0
3448735.0
9623291.0
9378398.0
11427562
3481377.0
10704439
1760885.0
7397330.0
3950112.0
7167987.0
8398247.0
12859429
6459193.0
5681767.0
23104993
17683854
10428411
6822780.0
12074799
14770264
2858083.0
4998886.0
3102465.0
7589671.0
11641454
19658988
6051545.0
17956154
19379249
6625316.0
10592785
3655747.0
11664014
11793687
4045484.0
6708002.0
5574026.0
7057283.0
5924661.0
10366163
9435441.0
18212624
14096085
17851762
6767378.0
1.127382E+7
19459861
11100185
1.200232E+7
4530786.0
3740247.0
11622168
7094922.0
2836838.0
10211711
7911403.0
26415877
4404404.0
2646564.0
6692088.0
19063422
1955462.0
12888866
10302501
2691283.0
3317242.0
10512321
5595896.0
7142052.0
10169977
3595651.0
7304333.0
1.743983E+7
1608793.0
4123347.0
2058603.0
2.023623E+7
11592133
15585288
10955867
2028457.0
7335965.0
15301941
1.820975E+7
3255581.0
3444166.0
2931170.0
9651590.0
2480057.0
1289330.0
4854985.0
6640512.0
3328648.0
5904246.0
6204730.0
8635992.0
17940111
9674800.0
11287637
17015974
4463737.0
7777079.0
16111085
3019993.0
6671490.0
16286586
8856468.0
4332806.0
16662298
3788499.0
2.192916E+7
13061756
17808851
11984394
20149464
4444425.0
3711952.0
3650091.0
5960046.0
8922738.0
14908928
12255582
3336942.0
8733831.0
1609734.0
9505813.0
7103994.0
6939835.0
6582732.0
8265199.0
6137278.0
1700310.0
17975911
7929887.0
16748535
22342542
14299838
5918372.0
10886597
12157793
1562809.0
6162804.0
2891280.0
7275279.0
11168423
9055800.0
6023447.0
6810107.0
25359729
15046156
22941664
2090395.0
3356942.0
9920745.0
19993805
16141118
3317482.0
8776581.0
3986237.0
13056399
3517074.0
5776674.0
2663104.0
4296281.0
1.421315E+7
10771919
3788762.0
22235122
7415886.0
7624099.0
15842064
2663277.0
10674748
3771767.0
9097801.0
6009455.0
2857138.0
6407418.0
8004513.0
2164190.0
17539403
7377675.0
4392570.0
5778268.0
11325029
1.030631E+7
13907841
3340604.0
4292054.0
3670821.0
1680223.0
2909180.0
5753267.0
1662741.0
3947861.0
7266051.0
4337705.0
4393552.0
24826963
14111935
18767991
19669894
7975111.0
1.3273E+7
4067602.0
7245708.0
1619420.0
14062043
9112184.0
6294197.0
2319586.0
2936977.0
15684813
23176689
5991989.0
3248124.0
3448133.0
12643816
15491801
10882883
12945407
11672003
14225776
3014196.0
3486921.0
7042658.0
2870584.0
14447724
1.896995E+7
8311669.0
7658300.0
9805519.0
9843182.0
8181082.0
7669884.0
6080378.0
13033119
5029894.0
14750919
8425623.0
2983569.0
5189992.0
5338299.0
6656842.0
7229570.0
4435392.0
8969115.0
13164395
18898723
6786702.0
4456539.0
22429402
12698367
4466428.0
16657798
13319578
8638818.0
6151116.0
5981365.0
5519348.0
2978571.0
8714849.0
5202163.0
3092211.0
5366934.0
8961789.0
4664130.0
4586396.0
13234201
18020022
17050425
6010858.0
12169016
10371044
13029141
10263806
5797156.0
6226106.0
5739633.0
6920732.0
3015532.0
23351558
6659976.0
4516967.0
10023981
1933044.0
17369138
9690421.0
12436756
19752015
5768315.0
7237936.0
6161477.0
2803474.0
4278353.0
7920458.0
5131547.0
19794791
4260235.0
4583067.0
1.220911E+7
1753440.0
10628698
9160810.0
6177243.0
8008321.0
16347074
11840506
4589089.0
9426402.0
18399957
1647096.0
2295588.0
7206735.0
5782379.0
2313875.0
20602864
10932215
20400172
15370153
1660620.0
2694849.0
4411517.0
15605944
6640662.0
3504618.0
9245528.0
2518725.0
5891374.0
18872311
8095785.0
9559195.0
2040026.0
15740414
7605708.0
15687773
16584489
3703627.0
4458521.0
2562576.0
5572276.0
1790631.0
17617408
11571241
5985643.0
3845720.0
12963846
4656810.0
17745005
9997056.0
4814448.0
2567206.0
8711706.0
1.582798E+7
21455517
5270215.0
3684331.0
7607575.0
11814078
18791588
8434017.0
1.161083E+7
5814769.0
8162270.0
10351035
1.637E+7
2672695.0
15128078
14397442
9583338.0
7988690.0
2507446.0
2906033.0
4056332.0
3808663.0
21636952
11739409
11909471
12097663
9874882.0
5772776.0
8805527.0
4449081.0
5951207.0
2622066.0
3591978.0
3755733.0
3171253.0
1820224.0
21318022
10550494
17060248
14763556
9431022.0
11854231
12764328
5913287.0
6842560.0
13063561
4328994.0
5171602.0
16817159
7502566.0
7014676.0
10736056
24206263
4914475.0
11323118
1.102114E+7
10133372
13457591
10004631
14886939
9245136.0
17828371
6685498.0
10881709
2737338.0
10161478
11740857
15962407
21907118
26926054
22700708
4429982.0
4006597.0
18165372
1.980462E+7
9728897.0
9300876.0
17508892
1281547.0
4776847.0
9007382.0
9188118.0
3238986.0
2.658866E+7
22288413
3187301.0
6875117.0
18458654
10764497
2925899.0
2371350.0
2634429.0
10359635
6730177.0
8129465.0
9734979.0
2530774.0
10834457
4614500.0
11797976
12300898
4168831.0
4100212.0
6008214.0
8645167.0
9058129.0
9375703.0
2696822.0
4464837.0
3142053.0
5291162.0
4892495.0
8983509.0
12350273
10997467
5656710.0
3980468.0
6856422.0
2220790.0
25248376
2754111.0
2.304358E+7
5108688.0
12917569
19930717
19618256
1.929169E+7
3786276.0
3291101.0
12925105
12159812
4252170.0
3965637.0
2354012.0
3988333.0
11861345
1.205569E+7
18775329
28442384
4293834.0
8328774.0
6608945.0
19988858
4425763.0
5841052.0
14746572
12536173
1.62285E+7
9428501.0
12399196
9001380.0
8676986.0
1862485.0
8948407.0
4910786.0
15355825
12086717
6227540.0
4574204.0
12123408
15472026
11947215
3043225.0
7458224.0
1.05914E+7
3455926.0
13190806
3690806.0
6649891.0
4665221.0
5187381.0
6550841.0
3773765.0
4533043.0
1.770266E+7
10819522
16872499
16295978
6540841.0
7542548.0
4321658.0
4549023.0
5541763.0
4437944.0
13595681
6762848.0
4339948.0
3719840.0
5327614.0
12102887
6417257.0
25462638
1926550.0
11447706
20582987
17655604
10357149
12863974
10755006
11012847
6086599.0
6859624.0
9057008.0
2936779.0
19623277
3602898.0
2247206.0
19362504
23226854
5083583.0
25498419
4828454.0
13625023
15495895
11098997
2093647.0
4743956.0
3907430.0
1.561756E+7
5551751.0
10586851
9442478.0
7003578.0
3117364.0
17495599
4496563.0
18789724
12275024
1850280.0
1.973793E+7
6280701.0
7183894.0
10750572
9310586.0
6454339.0
5878580.0
2471272.0
8822132.0
6678028.0
14038094
10606604
18559718
8823544.0
9255545.0
17617556
13822543
15950533
11327085
3713706.0
5671995.0
15625323
10573699
8439216.0
12087388
10376516
5088775.0
6801942.0
4666977.0
4779478.0
5382804.0
9213766.0
2255972.0
6234758.0
11712601
13697104
6642795.0
11918626
5673704.0
5694412.0
12497686
8439712.0
7288676.0
5759942.0
1760092.0
1559418.0
6615958.0
3826051.0
6467009.0
7461973.0
4982268.0
13282704
18286085
5522781.0
17680646
14890766
6020813.0
1.248754E+7
6543667.0
11784436
14741754
4687486.0
1463583.0
2308131.0
3427417.0
2157993.0
7208416.0
3228206.0
7839798.0
21310054
18045493
11939738
16310225
17413043
2535469.0
1663311.0
4269299.0
14484663
1.312827E+7
11433678
1913240.0
12655877
2663561.0
11078147
6827922.0
1747635.0
7227831.0
16017804
2578986.0
1.958402E+7
6867162.0
12192417
7327672.0
2119228.0
1538613.0
5933630.0
4866783.0
8263176.0
21304435
2808404.0
3667879.0
15975886
2945742.0
2861209.0
7213940.0
3162936.0
13204203
6597817.0
16299849
9789588.0
7565968.0
2263962.0
4515289.0
13479483
5758074.0
17677969
7811504.0
5598782.0
10095354
21214044
26878685
9172429.0
15786318
9997138.0
12307471
16808568
8772989.0
3861813.0
14629597
7835530.0
1777593.0
13247241
8846319.0
6068261.0
2309935.0
14040354
10318221
10173446
4338933.0
10879966
8719404.0
16371889
10710521
2165304.0
13402703
4940004.0
5106666.0
8574467.0
6880123.0
11062965
3435895.0
13112306
5467018.0
10892635
2426372.0
11486728
1.776576E+7
8569279.0
12814662
1500250.0
7409363.0
11575625
3893560.0
4992527.0
9586661.0
3991253.0
8818165.0
1.850651E+7
17980373
6949328.0
16118163
6199753.0
7953315.0
18759878
2740424.0
2253928.0
16873026
7095937.0
11379098
13491103
10767655
1752617.0
7114052.0
3592833.0
7354693.0
4754863.0
20324282
18978375
6128267.0
4311958.0
16856611
12232313
5541918.0
9004368.0
7707261.0
5581560.0
6346425.0
5508905.0
1314458.0
7859526.0
2915621.0
3565059.0
15218861
6138784.0
23105068
6799979.0
6439088.0
9258273.0
14771538
7885695.0
6263784.0
9770537.0
12293411
8483359.0
3303298.0
6165268.0
4337341.0
8327966.0
4242916.0
16985089
6321353.0
21535492
9429087.0
9847909.0
2754596.0
5800923.0
11083562
10637147
7483709.0
2391684.0
11935033
2120984.0
11051779
7267069.0
18703461
21233158
6953721.0
26520186
1.721513E+7
13608789
3486220.0
2818511.0
1.176725E+7
10558354
3805849.0
10646598
9291090.0
5186312.0
11671146
10254895
5408464.0
1.459737E+7
4884093.0
7515330.0
15841388
3969225.0
3170948.0
5151090.0
10174811
9721217.0
4738140.0
4879454.0
2055605.0
3048682.0
3224415.0
5088984.0
5881903.0
12674223
8935326.0
5980970.0
6132164.0
21898327
13408198
16584664
6612387.0
6820110.0
6495946.0
12677959
6592912.0
6096173.0
9380689.0
11420644
2443941.0
7008117.0
5328686.0
5554360.0
14546081
19613965
3412373.0
3619660.0
18969402
16341656
1948027.0
6064927.0
2779110.0
7811722.0
2390689.0
10051488
3369047.0
3938003.0
9464111.0
6187320.0
12267332
4461738.0
8587072.0
9345347.0
22249543
14470867
6199224.0
2915698.0
13201984
6061442.0
17212622
6267797.0
13550088
15733096
1.418213E+7
18675822
1236774.0
3552093.0
2320730.0
2210329.0
28639481
20534712
1873587.0
1893086.0
14356414
16599036
2872301.0
20093165
1845838.0
4710044.0
6300822.0
16826319
6476851.0
1388350.0
7354619.0
6829978.0
3102410.0
2292655.0
3677458.0
6060083.0
9403093.0
1841719.0
7730886.0
8002913.0
9418973.0
5694190.0
4284017.0
3509652.0
4533606.0
9238133.0
1506477.0
15423739
2171122.0
12155919
8058997.0
6676558.0
20717766
15891547
9842443.0
1.547195E+7
4452377.0
10305662
19459657
2636415.0
16071704
6833245.0
6068374.0
7033461.0
3312654.0
4423184.0
5272822.0
13122317
18690581
2848983.0
5200933.0
4840908.0
12962317
12817436
22466165
12279454
7603490.0
6070871.0
8339269.0
11467739
9828694.0
6075424.0
8389654.0
12402985
3808217.0
17126101
21767387
2903831.0
10916618
5617943.0
13897633
16961284
5385649.0
4761266.0
8271379.0
3073401.0
6689402.0
6837455.0
2533245.0
11785649
4428666.0
10398126
8521571.0
3073707.0
22163374
17799439
2288405.0
3278126.0
6744798.0
8931361.0
7437388.0
3490680.0
6968113.0
1184392.0
1734789.0
2120625.0
22400508
24099147
6726761.0
1331872.0
17145898
1.362004E+7
6537525.0
13371676
1.500867E+7
3112973.0
2837339.0
24279526
7411174.0
1800982.0
8438489.0
4396995.0
7077118.0
4288787.0
14477657
8118094.0
2524309.0
3194475.0
8500212.0
4510887.0
1.795384E+7
2054510.0
3033862.0
9829543.0
13496843
15972857
5029857.0
9381810.0
5348528.0
4412276.0
5484996.0
13137848
5976402.0
4615888.0
2422469.0
1718145.0
14930624
25377228
3645099.0
4565023.0
13088058
2626635.0
8242566.0
20556154
21605225
14347471
1.422151E+7
14126066
5538433.0
7467574.0
3582058.0
13282427
2142967.0
7237441.0
5348195.0
2.546535E+7
19464995
17904664
2377371.0
5054918.0
15368042
9373670.0
8248793.0
4214132.0
5029192.0
3437981.0
1327920.0
4048948.0
2951232.0
24105866
7454017.0
1.071988E+7
7238374.0
2737080.0
18492261
16625348
1.676276E+7
9308952.0
3817006.0
3047636.0
16996317
2382175.0
2545481.0
5565972.0
3439205.0
5181093.0
6747025.0
1446931.0
2.261122E+7
20029683
2.191418E+7
12005122
5695817.0
3430257.0
6039131.0
11748836
9411320.0
7897109.0
2878946.0
8709611.0
9705604.0
3970963.0
2051616.0
2759740.0
16608283
6272455.0
3385428.0
1.229756E+7
10823778
11394656
13935537
2859540.0
8614350.0
11660354
11762425
4510061.0
6699407.0
2584307.0
11658287
4882085.0
8466837.0
19836992
22241722
24749063
3316895.0
13099064
9907120.0
3395370.0
5991949.0
3403339.0
7109386.0
14661898
17287142
6169701.0
16899899
7577499.0
4194455.0
5950026.0
5596666.0
2340396.0
6895317.0
3433624.0
1718309.0
4686791.0
13557935
20029075
4397338.0
4815308.0
3868167.0
14932917
20433871
7130508.0
11507498
3529324.0
9780261.0
6271032.0
22956653
2285023.0
2175064.0
3618206.0
2175692.0
5567843.0
5638593.0
1.520043E+7
5859342.0
13100457
3525773.0
2929713.0
7089847.0
5270759.0
1.339913E+7
3826046.0
5467627.0
1646585.0
4855793.0
6087377.0
6821316.0
18318838
6783681.0
8414533.0
