7495046.0
14018855
1.675543E+7
5929116.0
14496996
11814344
5873211.0
8542894.0
9478568.0
7383283.0
1.355909E+7
5668751.0
13153488
17418372
2298702.0
14117721
3444888.0
12920023
3712834.0
7690847.0
1826669.0
10752784
10881872
6100431.0
4201729.0
3483305.0
2632229.0
6546182.0
7547023.0
5755969.0
13235437
12754815
6444190.0
21324537
3302624.0
2991737.0
17312941
3513985.0
4057701.0
14147626
2306276.0
7461939.0
17379139
14030694
2018025.0
4585592.0
3834331.0
7816075.0
2117456.0
1.374415E+7
2768055.0
6852535.0
19485329
1537650.0
6959023.0
16457761
11601763
2012453.0
2852770.0
12023597
8133888.0
2265062.0
12651139
10273715
3435173.0
5302621.0
7282360.0
6165634.0
19497089
11023862
1560558.0
10969492
11295223
3138177.0
8840231.0
2848132.0
9540133.0
8502126.0
12004967
2797135.0
1733852.0
6009505.0
9321325.0
7215524.0
11741176
10836045
22719308
22298935
5278675.0
13563885
5742199.0
5713736.0
8755574.0
2400420.0
14759551
6036768.0
4256198.0
3872130.0
6147801.0
2924931.0
