6839526.0
5111404.0
19477184
7778603.0
5763106.0
11027745
13574048
4701014.0
3834992.0
10910221
11590362
16866449
23238533
4721680.0
18907773
1693595.0
4267260.0
3369075.0
17249002
7062192.0
6963444.0
10847851
10859356
1590799.0
7588636.0
6379482.0
4643675.0
23813723
22684219
21980191
11263021
1.17637E+7
21929864
17860259
8422265.0
5790410.0
7930450.0
18130694
7515484.0
4913654.0
7096342.0
1982386.0
7443896.0
4710593.0
15776169
7296475.0
5768752.0
13166681
6330400.0
20865647
13127224
1.242494E+7
5890015.0
4767467.0
3765754.0
5421694.0
9275796.0
5959160.0
5191783.0
17416665
17032895
5583913.0
4194885.0
1.700779E+7
10309982
2724797.0
3470180.0
5112701.0
7257950.0
12233683
20901814
4971949.0
7075249.0
1.343692E+7
9258285.0
6961755.0
3182275.0
4988226.0
9436934.0
4460066.0
11839899
19357978
9116793.0
14829428
14627189
12854563
18479023
2990359.0
2151076.0
5628060.0
5788554.0
1152355.0
16842842
5078117.0
6573639.0
7012378.0
10334777
4450832.0
20948612
7495046.0
