4864480.0
1862533.0
16021048
9147731.0
9037065.0
7019873.0
5866484.0
5359504.0
3113946.0
4061351.0
7754278.0
11182728
2894025.0
3769878.0
14794461
15357335
9464602.0
1515312.0
16189797
10723071
22007025
5729082.0
3240218.0
7514536.0
13345193
2313972.0
12543134
7513317.0
8719985.0
8877659.0
10764267
2326290.0
9734450.0
6670753.0
6147083.0
6416674.0
21793877
22452341
3372228.0
8156585.0
2986843.0
9415171.0
5225964.0
7520546.0
11242653
10708374
2766699.0
2573668.0
2057898.0
3023041.0
4942011.0
19028817
2240346.0
12085495
15100736
10938608
3193418.0
3434685.0
5804566.0
5071333.0
11441891
4450782.0
3556612.0
7980017.0
14815553
1861612.0
15910906
5836695.0
3512186.0
12060991
5701551.0
9809476.0
20643245
21174569
3695922.0
5434364.0
8754424.0
12751255
3150968.0
3558120.0
9879819.0
2240871.0
1.773112E+7
17494379
7715128.0
2187182.0
3890141.0
9109876.0
5269666.0
10230994
10506479
4796151.0
2280437.0
6456140.0
6889408.0
2154639.0
10282555
2100397.0
5607374.0
19828846
3825885.0
3921342.0
2950067.0
15367302
8094759.0
15493857
10151125
9725755.0
16033292
11891303
3654538.0
6184821.0
11377077
3518713.0
8824042.0
20891246
7091940.0
4857721.0
7495692.0
10562644
6535036.0
8522038.0
26274342
8505470.0
5563147.0
17491696
2408228.0
19241576
7577415.0
20469365
10346096
9853995.0
14041473
9540085.0
10506532
5989539.0
1.005311E+7
3447130.0
3110116.0
10033386
11424205
17599556
9074719.0
7833817.0
16133631
9681839.0
7174008.0
9832010.0
4731716.0
14551311
2783183.0
4947510.0
2286726.0
4141065.0
9829138.0
26222814
1730577.0
3330392.0
17920033
9601982.0
7111052.0
4696301.0
16495391
7375976.0
4628142.0
9897937.0
6169931.0
5969903.0
5390109.0
6307114.0
4397527.0
5197088.0
7665602.0
5571023.0
19763301
11865255
11397203
14142296
6796177.0
11776192
4614466.0
2461592.0
5483809.0
4073982.0
8415542.0
2324712.0
2838323.0
4198796.0
6724268.0
8518323.0
21968479
23290052
5912159.0
19438389
5743170.0
10982185
8073503.0
18967887
1.368865E+7
3470119.0
2259108.0
11116332
1806336.0
23297173
1621014.0
2490789.0
7328334.0
10521335
15297623
22938742
1915052.0
9787584.0
1.453908E+7
16850493
6517957.0
1841351.0
3142405.0
2217386.0
6920272.0
3410710.0
10665617
3202904.0
19022267
2299297.0
3989232.0
6340845.0
9521359.0
18134114
16694108
1.09861E+7
11112495
9291776.0
10117633
8101494.0
6017483.0
3654122.0
2094093.0
7530098.0
26331554
10471162
5768422.0
7310875.0
10062905
12153487
23995167
18517544
3169446.0
3484706.0
13998988
3652593.0
5550708.0
6041981.0
10469625
1.037581E+7
4921538.0
5237550.0
5926556.0
10821078
8751733.0
2301542.0
8784261.0
8725931.0
19659556
8426105.0
27554566
17497388
3350632.0
11766128
5401777.0
11606772
1510326.0
10530012
1504045.0
9662595.0
4707662.0
7479311.0
1902237.0
7525347.0
1.578498E+7
14855386
3115076.0
15438345
5483202.0
17880094
2252688.0
11272231
6871892.0
5437117.0
8049571.0
16001745
9351176.0
2217759.0
4607819.0
8422425.0
9551297.0
17221584
4389387.0
12131891
9001175.0
16898179
4194584.0
15369704
1622992.0
7756191.0
15283947
16438448
2536628.0
5651532.0
4399249.0
4321382.0
16297946
15028325
1459056.0
2767548.0
1.907752E+7
5203811.0
6590257.0
1.272143E+7
2486217.0
4408751.0
5394075.0
3298005.0
1767765.0
4890505.0
3764500.0
6646601.0
6108128.0
10004495
5656773.0
6327792.0
7616456.0
3022000.0
13666274
3034441.0
19431715
10458931
9366193.0
14082992
6602779.0
1810892.0
14448749
10804858
13869813
2590259.0
5163198.0
1554559.0
4409508.0
21628394
8816481.0
15983514
15770657
4584876.0
9983640.0
11079273
6063906.0
13282336
16796549
17202015
4410089.0
1933586.0
3816818.0
7932194.0
14818685
9996684.0
9768709.0
9917247.0
11277653
3207656.0
15518858
6051783.0
1.045079E+7
10762191
14089663
12271836
5815166.0
14567948
5277783.0
3220362.0
4934705.0
5047550.0
2359329.0
9972686.0
8411242.0
4349642.0
5006261.0
7228981.0
17610642
4753971.0
19706605
13207682
13481896
10209157
3288590.0
9637768.0
6646700.0
6063946.0
9823855.0
3794658.0
17433945
8942898.0
1893406.0
5940542.0
7948572.0
19810819
23436282
12464206
4616727.0
4722720.0
5381516.0
12765405
2011555.0
5336299.0
5132847.0
13467649
4391720.0
6572701.0
7593267.0
7997799.0
12970915
16650088
2070349.0
9873511.0
16517239
13977312
14311073
6793780.0
4825338.0
3198620.0
6267407.0
10582956
3860112.0
6028200.0
3027494.0
7025723.0
8086306.0
3877858.0
4327204.0
19885437
3851926.0
16521073
3980370.0
1.087527E+7
13231285
13698019
3726036.0
3285703.0
2383559.0
3192668.0
5879738.0
11458317
18852038
11483772
4045092.0
14066137
14998547
2176838.0
6587789.0
1.853743E+7
8083326.0
4028175.0
6092501.0
10168981
2526111.0
1788264.0
4970228.0
10003705
14299552
14450709
1.291407E+7
1.534172E+7
1.51678E+7
3568375.0
3869281.0
3920037.0
5291572.0
7126464.0
8790544.0
3735714.0
1697937.0
6083735.0
9278953.0
7486351.0
16531231
1.814855E+7
5236369.0
4867485.0
1.010767E+7
19456629
21308414
5573518.0
9521839.0
3375018.0
10509972
10213172
1751165.0
964409.0
3433399.0
7991155.0
9185979.0
16622901
2153433.0
2096000.0
1.144556E+7
19092124
2297963.0
1.374606E+7
10120116
1921970.0
13852611
18810174
7171436.0
3279441.0
11935547
8733913.0
9924219.0
1611593.0
6137322.0
7303080.0
8548924.0
19495848
1824537.0
1.662254E+7
9064199.0
4126634.0
9408117.0
16646932
10165229
7872666.0
8984638.0
4680787.0
4930090.0
3600904.0
5100796.0
9632224.0
16798162
6856542.0
19687752
1.020643E+7
9676009.0
10864898
23886195
11226178
2927489.0
8626813.0
12521129
18705601
5350197.0
6538877.0
12409077
4056189.0
12479898
7084953.0
9156466.0
1496957.0
1.906293E+7
15508301
14687008
3429761.0
5220002.0
9599457.0
9328199.0
8500425.0
5132531.0
6152594.0
13409666
4718531.0
23139387
8805587.0
7611514.0
6549863.0
4739692.0
16662321
13547841
3552114.0
2540944.0
12754748
7418342.0
10385688
4640460.0
4214342.0
7382837.0
2926862.0
4493475.0
9291570.0
6473286.0
6880353.0
13565916
7573667.0
3022763.0
1.201762E+7
7794850.0
1593174.0
2861675.0
3526246.0
5984376.0
5071112.0
9781861.0
10186185
7002792.0
20809117
3914306.0
3995657.0
10211741
12661272
15651669
2786220.0
7717539.0
16892062
9402366.0
9553746.0
16159227
8998182.0
9333196.0
8072298.0
11058569
5249902.0
2077951.0
5160873.0
4196348.0
3389226.0
19057042
2523381.0
15637369
7853244.0
4073082.0
1.23516E+7
4951514.0
3597320.0
17036709
2032072.0
2631361.0
1827636.0
11876134
4312111.0
9364353.0
7508305.0
3537222.0
3374379.0
5135315.0
3611335.0
2120440.0
2892264.0
8244039.0
12411317
21633381
3204699.0
5901465.0
17143514
6458186.0
1.087298E+7
8071571.0
3894872.0
2848876.0
1.290158E+7
15785574
1567898.0
5910042.0
5690155.0
8164123.0
13504461
21587966
1.134912E+7
9980159.0
4808644.0
17094513
5931289.0
8595050.0
1863620.0
13292653
10660113
4303729.0
6733843.0
5049176.0
8245712.0
4896323.0
18066959
6024747.0
23892421
2210006.0
9045708.0
16000546
8583814.0
5852624.0
6073859.0
11241475
8046920.0
8082398.0
4043573.0
3889274.0
5514342.0
17345344
14565254
3016403.0
1.357386E+7
3894234.0
11739865
2177214.0
19155305
17610011
10971745
12802121
2808881.0
3569696.0
8265788.0
1852815.0
8650692.0
5628556.0
4782248.0
1697126.0
2624467.0
14418369
3970736.0
18037355
23544215
4397583.0
9504166.0
2640637.0
9133552.0
10107905
9971171.0
4400804.0
7711544.0
17023425
2.206406E+7
1163296.0
16155597
20599239
17334755
8700464.0
2095419.0
7052007.0
2317627.0
6716629.0
3281003.0
11986559
1843730.0
3544787.0
3464556.0
2200541.0
18502756
9597972.0
5737340.0
12324389
7098907.0
17885065
22777439
16878472
12147262
1.059605E+7
6728399.0
10519978
2394845.0
11892166
11424335
2712502.0
5483394.0
4288137.0
2746949.0
2115974.0
13500503
7521885.0
6706330.0
11132755
5473464.0
5198018.0
4045061.0
6747274.0
9815496.0
12135638
14586273
6836006.0
5045961.0
14996305
1.480913E+7
9130362.0
4123872.0
8713293.0
9682225.0
19169089
18451228
7105613.0
16386142
6106956.0
10501725
3056715.0
19671788
3003082.0
4335495.0
12064511
17763352
2252230.0
5753113.0
13765936
2891680.0
10958765
19524016
7721421.0
6668391.0
2649989.0
15970125
7840959.0
7206664.0
18177229
15515929
11828867
4291140.0
2351635.0
5572591.0
7826221.0
1.406889E+7
18381261
6752541.0
7764805.0
1476308.0
13755561
19713909
3890106.0
11057732
14953298
1818924.0
9841948.0
15083439
2542574.0
9007982.0
14074463
2304953.0
6280436.0
3236278.0
2727792.0
7822714.0
12795234
1.11605E+7
16987454
26702828
15169498
4680666.0
3112760.0
9985715.0
12445561
2299404.0
7220929.0
14729529
2691530.0
6115596.0
6058962.0
1747246.0
16805746
1.544289E+7
4506572.0
17564736
6995335.0
5541743.0
19932726
2224917.0
6128255.0
8545144.0
1.771322E+7
7215277.0
7246480.0
3114445.0
3600760.0
1.143974E+7
18829901
3790197.0
2098946.0
9401959.0
10395386
8771350.0
7814952.0
2260157.0
6234088.0
13403425
15283158
7084171.0
2452109.0
6229143.0
8422969.0
1874650.0
22305728
17655216
8033367.0
10195927
7104802.0
10477287
2.095236E+7
20909197
6234899.0
7498670.0
4247686.0
6799721.0
5582654.0
6373690.0
18109463
17887914
8535438.0
10416803
4588174.0
2803805.0
3266950.0
5882375.0
5540769.0
4324893.0
18595113
18049102
10870935
17545506
5945398.0
5567229.0
4054176.0
20083885
6501417.0
7975479.0
14236041
5779625.0
2105821.0
8136756.0
6052074.0
7518076.0
21273979
9458176.0
14725883
6776430.0
4600978.0
18237424
8364595.0
16544323
11747831
4101490.0
17858499
12549089
5634819.0
1732056.0
10408904
2975355.0
28401192
10559765
6495346.0
13975597
16534195
6366042.0
17270067
9359266.0
9229225.0
7062231.0
3593833.0
10819184
4327697.0
1731967.0
2071507.0
5354781.0
22763734
4814828.0
3298125.0
3702490.0
4126592.0
9148747.0
10537529
17339582
13856829
9306357.0
12252271
11282628
3247384.0
2734851.0
8305148.0
7153146.0
2459316.0
21766828
7409376.0
2249514.0
17866548
8923021.0
8486031.0
14962497
11148144
5800470.0
14246558
1546147.0
5245232.0
8901971.0
3668754.0
2734168.0
3202106.0
9640126.0
1633984.0
5650098.0
13163456
2.171079E+7
6398002.0
16489866
6374682.0
5818099.0
20155151
9538353.0
2152810.0
6562855.0
9456672.0
2484498.0
4224896.0
3431579.0
9613793.0
7716988.0
3439284.0
8550598.0
1.234526E+7
15447261
8746473.0
9611433.0
6703764.0
18868225
10165188
5072245.0
2669992.0
4514522.0
7294857.0
2568415.0
6013959.0
4628953.0
3019932.0
5135074.0
15383006
9484753.0
7267457.0
5706499.0
1975413.0
9157533.0
10306482
1.297442E+7
7420980.0
10436908
4177184.0
7281393.0
5261566.0
13583467
11223694
3338106.0
22021137
3534267.0
16591592
5550506.0
3091429.0
15093162
8960583.0
7401921.0
12812151
6404787.0
3374186.0
3662115.0
5457345.0
6365147.0
21854705
16363445
5112212.0
3287979.0
13905233
11815141
19032983
11695671
3835148.0
14034969
13168178
11386719
3845742.0
5148457.0
1.423603E+7
12372722
15650631
14741708
4469991.0
8355020.0
17869827
9326462.0
2.036486E+7
1.072071E+7
3170031.0
3137993.0
7720824.0
3581412.0
3064935.0
4265089.0
3598912.0
6335842.0
4578622.0
21435179
3109027.0
5558737.0
13836269
3577549.0
3076721.0
2592168.0
16130505
1595223.0
8339609.0
6876062.0
8476691.0
9364375.0
2111586.0
8822880.0
24615095
8139407.0
2929551.0
2690168.0
17358634
6249804.0
5174130.0
10156245
15376439
10771391
2842053.0
15421764
9514813.0
7510089.0
2342044.0
1.095257E+7
3453003.0
3060649.0
4554087.0
1577617.0
9091969.0
18157154
2317269.0
18297133
13785961
2360978.0
12186693
8245243.0
5589045.0
9569731.0
3933396.0
8632519.0
2403413.0
4628853.0
2452054.0
10708545
12617586
8735504.0
12299536
17391503
6120480.0
2623550.0
8050489.0
7705036.0
6366689.0
11862119
3832503.0
8441616.0
15148799
2666980.0
9763008.0
18251378
9456056.0
8643368.0
6780982.0
11680556
7320597.0
9780102.0
10319782
2288831.0
3957002.0
17577692
2619413.0
12799234
8130217.0
3416772.0
5420937.0
9259292.0
6407568.0
2211150.0
1963379.0
4541382.0
1839661.0
2886092.0
5600734.0
7503299.0
10919232
8299542.0
4750464.0
24488403
2416407.0
1.329133E+7
12903038
4809650.0
9922956.0
5192199.0
7484572.0
4547680.0
4101385.0
4483377.0
6841919.0
2653660.0
20165667
16038248
8318050.0
29226979
5270365.0
14117805
15507793
11128837
7388202.0
5840893.0
5547231.0
5676639.0
4024831.0
24041614
9803812.0
6860254.0
10586272
3974724.0
5514929.0
5841220.0
5113403.0
6657699.0
17951318
10003376
1928926.0
5971492.0
8311594.0
2145765.0
7980123.0
8111758.0
6740376.0
5312018.0
1.876671E+7
19413764
6237775.0
2.281967E+7
8260280.0
6433073.0
12094193
8424013.0
14741942
6921514.0
3047725.0
3958897.0
7428702.0
5935693.0
2531645.0
3370565.0
9857755.0
12844482
7841814.0
2485820.0
15802746
17573334
11255964
16344762
1.502191E+7
11642052
1508594.0
18470483
2696270.0
6498609.0
3153759.0
8332764.0
2849307.0
20686379
3216936.0
3044092.0
19479406
3276783.0
2451284.0
14873499
9690590.0
9971961.0
12556358
18346571
2080533.0
1.111939E+7
2437150.0
8648746.0
4123716.0
17123473
6757100.0
3712253.0
1713866.0
4806816.0
5592929.0
1.048988E+7
6528678.0
6721204.0
2685035.0
2571845.0
16393375
9690182.0
22450394
8779848.0
11249043
10340633
3766882.0
14207359
5127359.0
2480744.0
1817960.0
3472031.0
7722055.0
2.230559E+7
3283264.0
3520394.0
4566931.0
8789512.0
14551959
6811283.0
4138680.0
5378456.0
2516309.0
11519908
1777650.0
1.000399E+7
7519011.0
1492997.0
22416501
12021058
5242814.0
2373922.0
3919836.0
20485409
17438444
4236259.0
16522183
2523314.0
13862925
13501593
6352653.0
2859245.0
9868743.0
1916581.0
13544457
22147933
1813733.0
22983093
13027564
13267441
3844898.0
19452178
4251103.0
2644841.0
4232091.0
8395243.0
9344437.0
3631626.0
12744756
5234351.0
1170299.0
2249084.0
8903796.0
3693658.0
9929679.0
5244393.0
22222922
24597908
9952399.0
18542599
8712488.0
9848637.0
2404035.0
1939690.0
7338209.0
13219966
1885664.0
11610017
7336474.0
1792918.0
1.891544E+7
3260627.0
5365072.0
1.563979E+7
1.16852E+7
7990669.0
3171006.0
2379376.0
6919651.0
12112559
9312098.0
10071558
3126965.0
5553640.0
10866843
1745272.0
22269975
2305455.0
3818948.0
7066629.0
12649829
11515224
2106457.0
17000311
7706102.0
13163584
3211379.0
1.517318E+7
9944250.0
5223776.0
4276907.0
7514025.0
2990204.0
3420169.0
22237162
13759781
7188793.0
3219108.0
1.098022E+7
17037382
17101333
17058319
23612585
16559785
2832178.0
13425604
19499997
6088798.0
1942880.0
12187074
17810104
7956055.0
4484493.0
3712888.0
2473268.0
4482436.0
21436878
5722230.0
6407296.0
11159141
5474766.0
12056873
8849988.0
9312565.0
5022325.0
5143296.0
14240809
10207349
3181554.0
7176641.0
7179903.0
1917179.0
10698277
4680423.0
3130201.0
15540245
3566129.0
6927383.0
5471596.0
4021132.0
6015930.0
3514603.0
2969308.0
11136736
5196535.0
6041406.0
1929307.0
5000623.0
20645174
7473732.0
1.608098E+7
24897301
13329545
5934785.0
16050434
19688168
10679843
4530833.0
17722558
5940325.0
4713830.0
4505478.0
3353207.0
6046946.0
19046571
13435759
7160174.0
5624504.0
20997001
11447954
23214604
1458140.0
8993129.0
9164974.0
4596889.0
8510388.0
5870159.0
3409828.0
3963283.0
5933001.0
17191067
19246296
2225419.0
2362389.0
11457132
6787554.0
16476093
12570336
10256887
9452509.0
8494116.0
6238421.0
6754130.0
4287643.0
2124866.0
3579589.0
4075789.0
21105893
2359500.0
2539887.0
4238330.0
17549242
9853222.0
15817148
3901641.0
13182741
3227392.0
21967568
16824167
4296604.0
12122085
14013696
16302145
20583887
5796382.0
7012186.0
5489330.0
16188114
10024359
11703152
14889316
14788002
5355711.0
10406977
3369308.0
8685034.0
10609557
8849132.0
7132778.0
3020822.0
9366343.0
3100762.0
4877141.0
17667959
3834289.0
6458531.0
4206143.0
20627831
5007931.0
14038468
1.308103E+7
1993140.0
13183245
13515041
7223994.0
4248231.0
5590772.0
3956409.0
5654074.0
4296767.0
3296530.0
3446811.0
18454928
12732342
2436628.0
22008147
12459116
4189582.0
5022085.0
6674114.0
15679932
3595278.0
15731805
3703977.0
4726587.0
5972702.0
1325547.0
5416449.0
1.174194E+7
17062608
23009498
4114327.0
10171779
16366829
10783601
9584383.0
1.129134E+7
3149518.0
9772915.0
9155873.0
2493279.0
9041051.0
3422900.0
5377973.0
4186119.0
5907875.0
10308158
11348666
3810849.0
7992018.0
7077275.0
22187503
8446284.0
7770445.0
18279277
8048342.0
5747357.0
4100009.0
6154420.0
7142248.0
8704320.0
17653668
2502912.0
4244481.0
20623133
1.571555E+7
4737325.0
3153624.0
9667541.0
7432908.0
13321227
8861875.0
2098427.0
3219145.0
2289525.0
6256547.0
2.040237E+7
1.121938E+7
2751968.0
16126086
2556546.0
4465100.0
17301105
19677187
1991058.0
6353956.0
13912547
6543613.0
4049488.0
5375071.0
14178847
1.097621E+7
1942246.0
14688255
2449525.0
6683270.0
15469127
13772917
21093924
24300267
6238186.0
2519408.0
12777943
3404863.0
1821526.0
2049892.0
6972794.0
5814026.0
13045812
29281545
5833932.0
3468194.0
18416727
14247574
21673165
2840392.0
20759686
3819732.0
6792598.0
19254113
11598856
8925018.0
15879137
14993254
13826656
2394686.0
12075742
6113158.0
9063419.0
1970911.0
7906549.0
7543424.0
9070254.0
25559948
14496638
24820847
16864793
4388898.0
10745435
15022683
16627146
10281573
2533267.0
12949505
3318799.0
1906351.0
7181134.0
4495123.0
11009532
20281929
3264147.0
2658521.0
5241966.0
15022384
5820639.0
25558545
15672731
13861918
7591623.0
7744009.0
9077666.0
2114031.0
4661785.0
7941562.0
6488862.0
7521747.0
4071981.0
6394664.0
7159076.0
7395696.0
19407707
18774027
6573363.0
7552269.0
16644585
9535314.0
4997248.0
2923847.0
10078443
11134404
1462276.0
5432785.0
2582727.0
4578130.0
3062233.0
4430015.0
11558327
15016223
18914131
2417954.0
19081065
5266300.0
12015326
3307238.0
9191092.0
5867543.0
5611060.0
3891958.0
4125888.0
4962586.0
12676332
6790708.0
11307401
13023532
5382050.0
8782611.0
7995928.0
5138062.0
13301125
1467976.0
9612196.0
13113283
3412585.0
2481129.0
6776867.0
1536407.0
6953772.0
3680814.0
2891908.0
11688619
5392281.0
8499308.0
17103898
2071354.0
9386816.0
1.130657E+7
9389420.0
3831549.0
5208828.0
5081501.0
8009888.0
1.163403E+7
9570910.0
6064436.0
5970130.0
11263349
3677383.0
1.445312E+7
15127113
7508238.0
9471516.0
3243212.0
14723209
8214276.0
6510347.0
5215910.0
18950932
8115633.0
15716136
5793249.0
2913594.0
7918231.0
6808998.0
30493578
9644307.0
2219457.0
3800103.0
7161836.0
7532672.0
11357077
16927683
7757560.0
7526541.0
14104638
9037652.0
1.144216E+7
6816237.0
2069598.0
2043673.0
23010926
1144427.0
2060322.0
13137835
5943608.0
10709499
17881811
16158138
9923239.0
5054703.0
12177511
2072895.0
7188303.0
13998507
14183712
9007786.0
1265542.0
4368175.0
6130556.0
24486161
2104329.0
1258322.0
15084396
4445169.0
1.177074E+7
6454835.0
11690637
2845067.0
9516735.0
12518884
3715015.0
3112519.0
4394807.0
8076755.0
8214264.0
20774799
9618171.0
9028182.0
1.955883E+7
12615753
5964790.0
2955895.0
13812305
8293548.0
10024751
7822304.0
14149305
3318710.0
3547881.0
6697035.0
9509615.0
8575267.0
13587115
9088732.0
1029052.0
8415914.0
16925931
3311738.0
15608631
1.362043E+7
4609999.0
3092250.0
11194204
2120366.0
4960449.0
3901912.0
9199956.0
18072799
5147601.0
3254474.0
1526442.0
8768440.0
1.808143E+7
15778652
2671912.0
10739822
6732479.0
2.18477E+7
13141634
3073548.0
5366263.0
3725556.0
7029305.0
4465531.0
4571592.0
6797846.0
7197216.0
5854662.0
5500776.0
5273576.0
18444884
3307648.0
3964176.0
2341111.0
22215529
3318996.0
3606477.0
9392845.0
1870084.0
4535351.0
5856324.0
3922553.0
4875783.0
5622690.0
6099371.0
3015176.0
2853316.0
19708876
19164338
8684506.0
2155027.0
9697205.0
11214363
2173938.0
8047861.0
5335296.0
8002359.0
11074278
7253444.0
7803757.0
8248409.0
8588582.0
2426836.0
15702459
13667175
1882057.0
10309411
4575188.0
3901567.0
8234528.0
16732621
9191820.0
2154449.0
6222912.0
7497987.0
8115153.0
4163770.0
12769997
4278061.0
2946022.0
3377213.0
4187725.0
5252139.0
4419617.0
8509447.0
3835564.0
3165167.0
1.0925E+7
5268140.0
19628793
12186779
4550063.0
7060356.0
6817496.0
4775905.0
2900438.0
7472538.0
2908584.0
5114978.0
2081689.0
6963550.0
3214733.0
5018793.0
1817051.0
10608225
5050283.0
14754308
14655124
8790547.0
18477094
3232077.0
4447260.0
2140935.0
10133104
6034207.0
9404550.0
9638478.0
3637543.0
15389045
17006906
6016051.0
20594962
8602699.0
11206957
8511102.0
11110979
1666381.0
7448868.0
7398508.0
7328061.0
4896221.0
4526957.0
6512140.0
10517038
8644712.0
2049049.0
5920552.0
4229087.0
3061963.0
14601433
7174346.0
14187289
10176408
7481671.0
5492901.0
2613224.0
8403433.0
4731645.0
1900422.0
1937444.0
2981362.0
20106199
13308408
12482952
3243738.0
11492471
3311740.0
12470974
15073749
2127509.0
1414092.0
8523768.0
3455612.0
8027161.0
18807248
3788193.0
9779083.0
5476472.0
2175912.0
1.912335E+7
11098772
4411956.0
14815052
15448263
13012255
12330677
5479348.0
1.246936E+7
12607071
3822303.0
9370358.0
5335574.0
4565484.0
14554181
16056885
3853216.0
11625173
2314030.0
17516079
11493478
7128081.0
7822809.0
13117955
5728477.0
13005918
8142328.0
1516681.0
3713806.0
7251213.0
10743135
15578902
15599633
13961071
7279119.0
17217724
24206259
2237841.0
7601772.0
3005321.0
11593008
4087229.0
6260727.0
10402783
1.661747E+7
14484262
5546156.0
17716636
6520658.0
2270826.0
9136765.0
2922262.0
9635323.0
22028255
9424083.0
12485793
21805376
4954759.0
9933438.0
7150381.0
3272417.0
8368717.0
1882088.0
27866604
4850710.0
2031588.0
7055514.0
4754407.0
8826160.0
2389226.0
1.156409E+7
6431355.0
12456943
13807492
14528571
1752263.0
3480434.0
4020881.0
8774278.0
3855200.0
10124114
5229769.0
12357931
15740677
2285874.0
21503937
2277981.0
19328424
3389329.0
1929392.0
1941207.0
8565950.0
8912466.0
3545907.0
5829191.0
14536643
7923073.0
5281368.0
2.318531E+7
21964413
4222570.0
3779027.0
11382301
7349385.0
21654852
14107311
9822224.0
11894636
3827992.0
2915781.0
2117069.0
3537266.0
2325719.0
4972099.0
23782713
8973270.0
10911064
18843194
2.092924E+7
16398788
13316863
18865603
5743949.0
6904061.0
10958512
2841989.0
6729857.0
3158199.0
5905278.0
5604237.0
2386866.0
2666158.0
2978430.0
1.517477E+7
8099813.0
16309725
1333903.0
1257004.0
9372182.0
12781466
12420372
7597306.0
5404123.0
15234766
11120947
10349233
8975793.0
8488624.0
8609636.0
8858913.0
2893141.0
12981711
3034253.0
3830807.0
11961336
13421335
1.777905E+7
3548106.0
8843726.0
5508025.0
14073707
3335449.0
9838420.0
6444937.0
14644334
3938530.0
3788067.0
4227561.0
11331531
10765193
6385346.0
21874864
1381729.0
19682457
13407615
18333441
6022627.0
5174030.0
5112569.0
8338929.0
6411290.0
7379026.0
4067672.0
2779496.0
2485836.0
7869084.0
11687359
4526191.0
12896664
4193393.0
16972046
8983381.0
11556089
17279957
2017255.0
7777107.0
15910163
3948649.0
7672795.0
4148430.0
6926410.0
7979804.0
16670459
6490895.0
8884338.0
3840117.0
6568413.0
5902241.0
13834615
9751222.0
4771351.0
5934842.0
8197154.0
17184335
4395314.0
7825692.0
2297447.0
3729933.0
9118960.0
5833197.0
1582080.0
2013395.0
1.11483E+7
14961282
17322249
13271341
13826201
2143350.0
15195172
10503299
8269625.0
8604643.0
4364844.0
7099589.0
1553096.0
2856815.0
2684705.0
9333384.0
12601125
5678547.0
6498291.0
8552395.0
12940168
12139528
6647392.0
2717306.0
1907999.0
10461688
2136843.0
4738255.0
7824490.0
14424652
4915148.0
9050322.0
2922578.0
3877030.0
2490912.0
11221169
15992213
7397807.0
3717734.0
10851164
13520028
8459056.0
5601283.0
11022985
2292063.0
8830212.0
9995036.0
1.460711E+7
3236174.0
10936666
5116158.0
1786856.0
5342257.0
12228643
5602063.0
26791656
12069456
19173831
4938331.0
2457207.0
11880075
4454635.0
7043078.0
11050458
3464389.0
1764928.0
7052589.0
12011564
2448191.0
6702971.0
11008964
5709018.0
11309169
14986671
7327331.0
19996043
18433826
13620063
12079122
12837311
6864126.0
1622079.0
9234876.0
7078889.0
8467807.0
17789313
2704279.0
4767790.0
2664234.0
13757893
1934231.0
1.700763E+7
8721792.0
1800850.0
3242282.0
6580094.0
8969163.0
4249672.0
8700092.0
7054536.0
6006575.0
5936484.0
7960548.0
10127634
16422737
1.717586E+7
8778379.0
10422358
3351453.0
8473642.0
21083245
10864625
3174398.0
3066113.0
4739702.0
2852736.0
4584251.0
4877230.0
5370434.0
9220520.0
2.238097E+7
5494324.0
18882766
25380298
5659523.0
1828508.0
14186249
16986935
2851183.0
8707340.0
2036721.0
9803718.0
4155275.0
6963053.0
5228813.0
7276394.0
1.85053E+7
7122499.0
3029231.0
3249266.0
5890124.0
6134343.0
6472865.0
9428610.0
10519831
5120033.0
19185539
6915665.0
3394338.0
9957531.0
10265445
2344267.0
10957285
4979382.0
3438578.0
16811628
3615711.0
20249863
1.588217E+7
15624263
1974758.0
3692145.0
3221046.0
4792120.0
2824309.0
8621206.0
20508793
1.536648E+7
4421341.0
10550078
14503511
1954995.0
3454101.0
3813023.0
11577243
7565800.0
4144150.0
6378805.0
1.114913E+7
5083831.0
2808256.0
11003565
9737129.0
2409397.0
8649870.0
9497217.0
5245132.0
12805537
6117777.0
1765421.0
8393843.0
5702096.0
10766335
4670235.0
19513668
25521206
7289376.0
10855925
12034131
8947270.0
2665446.0
9088602.0
7886030.0
4741118.0
7594086.0
4677250.0
12873595
1921515.0
12207047
1.502178E+7
3821478.0
4435231.0
9858425.0
11193729
19253078
17743478
7457139.0
6001392.0
9705230.0
6393926.0
2595366.0
1826308.0
3717701.0
8557339.0
22928713
14572566
3582822.0
20910033
13666036
18563601
14129746
18100438
3446987.0
2302760.0
2419916.0
11892695
6651753.0
9630067.0
6513521.0
17522496
4082963.0
8765908.0
2192768.0
3955963.0
2210540.0
5345630.0
6473738.0
19936121
7905368.0
11136678
25091423
12194917
4500683.0
8746080.0
8717091.0
3590967.0
5093335.0
14330229
3362866.0
3384935.0
9497320.0
7733917.0
7405192.0
23494507
8959396.0
15585372
10277007
14254792
1618065.0
4306884.0
11351181
2879743.0
4610551.0
3727947.0
6907623.0
2919826.0
17047739
9038734.0
16317155
6191720.0
9730526.0
11387099
14733027
6252591.0
8438466.0
8807664.0
12997758
13378517
1153641.0
1898469.0
7980291.0
3994617.0
4527275.0
24104623
2566004.0
6692501.0
20385536
20441748
17760792
20202201
15349672
2925395.0
2906851.0
15935867
5944711.0
4599188.0
14432848
2676510.0
5064582.0
9507291.0
5260101.0
7473923.0
10988747
12701953
3360026.0
18351222
11378878
12743139
7631102.0
2966448.0
12361425
12469109
13264056
3078763.0
5694509.0
5493926.0
14591611
2847472.0
18216407
19020533
4255852.0
11115702
1.60752E+7
16864422
3966852.0
2159380.0
5538960.0
11704696
3842167.0
5899781.0
5353758.0
1901451.0
3806268.0
5800512.0
14254005
8181826.0
14464581
15617221
10460898
15434129
3928392.0
15370168
5126773.0
6796192.0
9512070.0
15238998
8656175.0
6707371.0
5349531.0
9997490.0
18672363
16183881
4988716.0
4780514.0
10635342
4389936.0
2373228.0
18538273
11769801
16613479
12414208
5962376.0
2026303.0
5690022.0
3529357.0
2896421.0
12550582
4375546.0
2949199.0
24979731
18605496
12438713
10524312
7230493.0
13628898
10314134
16942045
8177058.0
11825645
9377476.0
5987822.0
1801259.0
2340533.0
2432983.0
5554546.0
2909414.0
6044515.0
2197187.0
10370795
1.054801E+7
15399948
14560641
2428267.0
3087239.0
2083990.0
3029232.0
14984975
5915239.0
7061302.0
5199877.0
6798618.0
3437423.0
7933916.0
9568477.0
7388351.0
5153960.0
7535294.0
11717167
16174339
5894954.0
2365532.0
2668470.0
10274651
9492215.0
4608179.0
7980449.0
2876702.0
15437744
3985916.0
6709794.0
8255549.0
10827785
26196278
22374897
6606505.0
2255283.0
3769236.0
3048198.0
16449097
16811851
2628956.0
7809261.0
13128083
14663184
5423367.0
6998292.0
9153117.0
7807749.0
9086169.0
12269993
6513884.0
17050983
11921125
14176062
11178392
3569473.0
8964055.0
8869548.0
18565052
11162099
9963519.0
3163014.0
2124980.0
1501589.0
3599620.0
1769069.0
10852696
3758144.0
5768440.0
3159541.0
8423447.0
10246211
12276537
3594722.0
16843854
7442256.0
5842474.0
7072271.0
2780604.0
10260921
1449308.0
25764986
9543367.0
1665025.0
15287311
1.981893E+7
14723638
2968511.0
2693124.0
17576426
2321939.0
3552463.0
13074598
6549419.0
9526909.0
10066438
5906538.0
6304027.0
6782933.0
7672981.0
17910659
2615089.0
13819424
11578958
3342766.0
5451957.0
4264316.0
12267214
6768506.0
3517692.0
7421223.0
8157800.0
5186833.0
4606865.0
4937310.0
2413494.0
9265973.0
4359165.0
7897104.0
6348117.0
13308182
14321549
9442545.0
14300352
9166028.0
8941508.0
9900399.0
9966251.0
4405667.0
11281231
2744603.0
2259378.0
21146452
15356336
2331054.0
15958099
19804472
13950419
12709434
22595304
16191073
1.438803E+7
14046697
13947729
3275838.0
1.069303E+7
13355178
2321594.0
5817014.0
9120479.0
11941426
12339546
2735467.0
2489588.0
8202462.0
3715315.0
3886339.0
1.275602E+7
19547087
13553233
1.445522E+7
14815644
19303786
10349023
11111399
3470995.0
5931587.0
3035392.0
2118352.0
4946534.0
5165531.0
2026130.0
5080771.0
4584521.0
12672014
2775051.0
6272471.0
14029509
3202220.0
8579356.0
5121117.0
3026384.0
2292539.0
19566421
7524163.0
2562463.0
2785383.0
5002400.0
3225610.0
20225272
5550156.0
2003413.0
10996934
20846006
7193749.0
25167606
13493762
9706797.0
9408082.0
9715808.0
8204026.0
6260594.0
4232560.0
1557338.0
3349659.0
7991665.0
9278720.0
7494334.0
11803424
10940346
15898979
15982606
7734901.0
4923498.0
14250191
3722231.0
5067196.0
5551753.0
3547701.0
8058178.0
3251157.0
13282167
5176661.0
5277990.0
20560522
8602982.0
24557396
6080605.0
7394313.0
3996810.0
14936073
2953167.0
15888111
3922188.0
13396369
1876428.0
15462755
6215802.0
4246530.0
2625075.0
10407416
4435721.0
1.81327E+7
17122915
14531675
3149058.0
2274830.0
10408063
15841131
5743106.0
2735351.0
3056005.0
8740423.0
3447924.0
3381979.0
10779234
19356733
24018193
3049003.0
12864478
14184787
3575263.0
9150272.0
10177121
10644902
2220688.0
3812880.0
10158231
3601516.0
6715880.0
4753920.0
1466076.0
19260204
14147641
21274495
2422747.0
10109948
9303733.0
3276859.0
2831267.0
1.238735E+7
9982109.0
5633979.0
19685824
13367637
7864021.0
4168112.0
19732204
9580501.0
5153316.0
8870637.0
1348508.0
14092658
16540929
2982924.0
4007877.0
5196062.0
11948813
17487158
18589954
5200381.0
1922517.0
1.608839E+7
14606065
5509241.0
6051269.0
12034276
4708511.0
3063788.0
5177954.0
5784264.0
8433831.0
6921893.0
17263849
13757713
10436482
15026315
5489186.0
19965218
11315226
7334429.0
6281944.0
11806257
8750792.0
2241283.0
20243573
5632952.0
1479229.0
19400437
6340803.0
18679616
3379260.0
11229719
2178697.0
1.248415E+7
16919137
3588876.0
6982623.0
12051942
14319532
2478557.0
4706715.0
1.425006E+7
2445142.0
3952157.0
9579514.0
5305562.0
19580758
8720097.0
14653991
2.116526E+7
4078049.0
8777165.0
15328278
14863112
5803375.0
4614209.0
9553593.0
4928400.0
4737226.0
8541464.0
5081458.0
2479281.0
18495087
14549295
8462287.0
16938099
3329113.0
6524920.0
9457300.0
4165051.0
12012827
4191277.0
1870389.0
10165128
12287691
4810318.0
18251974
3497209.0
8733317.0
12020324
7605232.0
1815490.0
20057196
13562481
3674633.0
4636456.0
14434154
5857819.0
5669417.0
12200359
5422130.0
21904809
5905346.0
3265466.0
1794371.0
19478433
2253641.0
21796546
20966218
13103934
11885573
12446628
20016608
3788748.0
7405184.0
3041579.0
6171772.0
1745149.0
7198252.0
20088416
14415206
15011809
8955127.0
14259788
12890177
7220482.0
2320536.0
16123381
8645721.0
6869724.0
2245017.0
4236156.0
2109902.0
1.519772E+7
5749673.0
2.152292E+7
12111479
16193777
2350553.0
17234607
17164202
12740836
1.112659E+7
16990671
10097324
3894667.0
6793909.0
3843663.0
5819067.0
7753744.0
11377958
5874682.0
3814354.0
14124933
12194555
10364343
2257931.0
7561328.0
4966653.0
5208848.0
4631089.0
10074102
5465227.0
5162593.0
3953855.0
11464137
21717456
14592979
13685768
4345645.0
2374334.0
16123585
14273602
12383434
1.02442E+7
13562234
1.012123E+7
9071471.0
1993356.0
7578514.0
5574827.0
15663453
18287857
2228521.0
1511838.0
2380782.0
16166058
20234107
14173425
2811197.0
3851167.0
7144893.0
12497268
6563205.0
8412231.0
5585253.0
5297943.0
3664566.0
13867196
2048096.0
4757059.0
20735001
4843360.0
12744223
19228986
5143098.0
5436744.0
5231113.0
10139759
7019375.0
2034332.0
5846073.0
7282715.0
5945920.0
3605500.0
3264588.0
6577504.0
1734757.0
15653437
4050990.0
7328027.0
1.116619E+7
4499825.0
1.047853E+7
5241708.0
13771313
9118808.0
11219964
7009311.0
6717038.0
22044953
7848953.0
4313269.0
20706273
10037938
2918759.0
20051387
8617613.0
1.045245E+7
12466368
14696177
1.319203E+7
5446763.0
22585202
1857284.0
2534723.0
6265062.0
6207429.0
6082060.0
5948796.0
4914311.0
4554000.0
3774076.0
3725241.0
7243343.0
7337279.0
2485028.0
14311365
4382325.0
19218434
3526829.0
5447802.0
10941283
9809152.0
15769997
6819044.0
4239079.0
5716697.0
2691840.0
13079409
17422035
7434533.0
5431243.0
16321192
14430876
24333849
7451711.0
23159601
4539360.0
22149577
3025900.0
14817151
4298858.0
16675827
6800699.0
10439004
2518206.0
9779359.0
8929220.0
25002545
7975688.0
8026597.0
6155039.0
8961312.0
13110194
7626189.0
19978567
4858747.0
2828379.0
8523034.0
10025299
3543333.0
3205172.0
8266471.0
1999780.0
17942951
12053956
4448127.0
22186841
6529204.0
2619275.0
11667412
9427901.0
6719436.0
2218873.0
16551311
15614074
4004673.0
8075777.0
7586258.0
2944205.0
6925357.0
8701221.0
1991716.0
2704968.0
9305881.0
7183681.0
1.098112E+7
17877563
2554343.0
3400579.0
6362087.0
18834613
6078020.0
2209782.0
9058547.0
4184868.0
15119246
7648614.0
6691627.0
5172174.0
20262412
6269790.0
9420538.0
13898563
1.621467E+7
9250442.0
11235584
14748533
3877539.0
4403596.0
11227749
7823025.0
20020527
5727587.0
4313194.0
3910067.0
3551615.0
4202113.0
2317973.0
20520114
4396521.0
3655001.0
16415705
7278357.0
5108641.0
4214812.0
5441175.0
9739033.0
8374133.0
7941446.0
15366298
11249304
8619738.0
2233101.0
4240714.0
8941081.0
25851017
10205081
1866469.0
14743178
6028351.0
17352962
12611036
3833325.0
8262568.0
10035991
11253139
8275260.0
7625302.0
1670005.0
5150302.0
3584193.0
8423482.0
12369908
16041867
20658018
1.833603E+7
12815645
8317669.0
6067526.0
2963273.0
12543808
1203961.0
14046004
3659806.0
9072439.0
9186588.0
9973242.0
4467302.0
5617908.0
7324578.0
6240681.0
4751341.0
16008188
30531214
14821802
7354198.0
7983434.0
2519184.0
15757904
11315193
2612647.0
1.178983E+7
6525617.0
10622456
18639125
6622684.0
4833078.0
11543338
1967513.0
11347966
4479845.0
7625403.0
8581936.0
7172097.0
13377695
5888875.0
12615606
1.414252E+7
11214808
3457598.0
6398674.0
6736787.0
8218719.0
3435909.0
3484126.0
19013083
20560226
3706378.0
16506967
9002265.0
10352678
11324972
2015135.0
6230593.0
4491793.0
2796645.0
14125729
3078994.0
2713471.0
12283718
2098999.0
2550039.0
15255112
12528258
17429813
3776965.0
9447922.0
8997131.0
2182061.0
1.443373E+7
10752955
1.073169E+7
3931149.0
10522962
5497709.0
10290372
1.708735E+7
3184339.0
3284384.0
1.5566E+7
14992013
1.741187E+7
8355217.0
2455457.0
7134974.0
9400898.0
14294993
4371583.0
5110219.0
5400723.0
5400569.0
14013326
3899699.0
4446020.0
13300206
9161569.0
18798914
7017717.0
6878728.0
9012977.0
20347268
21422216
2145718.0
4980062.0
3064597.0
10655978
4290768.0
10305739
2766187.0
4443615.0
8062928.0
2449167.0
12408631
7363336.0
5583441.0
4412207.0
6654883.0
20415145
7221626.0
18161792
15348762
18648805
11896573
10659532
4373747.0
3489618.0
5682884.0
6819808.0
4384277.0
5195908.0
2514975.0
15415119
3290319.0
6180305.0
17370209
13366596
4146037.0
11019935
7344726.0
12386457
13878202
6007253.0
19404919
2123018.0
5166246.0
5524269.0
6566159.0
21657957
6564467.0
24901087
4891532.0
17890116
2937396.0
15356828
10419055
5088057.0
2227547.0
6730771.0
2391508.0
2769594.0
4202680.0
3213708.0
4791900.0
13660603
2502355.0
3640585.0
6521165.0
8248622.0
14421958
5994024.0
3036245.0
5906439.0
8139074.0
2797921.0
5186701.0
4037988.0
3124102.0
5387732.0
10670061
4244363.0
15711264
6318751.0
6177705.0
5939176.0
1.388899E+7
21602341
4436933.0
2118819.0
5839649.0
14119216
7274591.0
4543785.0
4997548.0
15421185
2394247.0
2466657.0
4922869.0
5852352.0
4192104.0
3951089.0
12099631
15606968
7546589.0
3890308.0
12269276
11068277
3366461.0
10805065
8031796.0
11375686
8633029.0
5066752.0
23908809
1182810.0
6695309.0
6142700.0
17436695
3004563.0
3533861.0
13240103
1.231557E+7
6518991.0
10408363
2302352.0
7382954.0
5400482.0
16130197
3839513.0
3522013.0
7439149.0
8510395.0
14700187
21174205
6668484.0
6194663.0
16580492
2680370.0
12797196
6286732.0
8261562.0
7626923.0
2424139.0
7852113.0
7220283.0
6807171.0
2820805.0
5930211.0
2.075934E+7
18124275
9699764.0
19392261
4789348.0
12253678
15401926
18140728
2749593.0
11458089
6024514.0
11481259
8202159.0
8732747.0
3265383.0
9965961.0
1818234.0
6041638.0
6801591.0
9903076.0
2362477.0
11284098
2361988.0
8848849.0
10038111
19519015
16334623
1889534.0
6667770.0
4824820.0
8260607.0
12211603
4972898.0
3780788.0
4400274.0
4935004.0
19463837
5855660.0
2931995.0
20857799
9203882.0
3104639.0
19493083
6086892.0
14570472
6570240.0
5388609.0
1772827.0
6580172.0
1220983.0
5135870.0
5007163.0
20234151
17133481
4789427.0
23256164
2558461.0
9028012.0
14462506
5590252.0
3908418.0
9619354.0
12932324
11135772
3225462.0
4961834.0
2533828.0
2503936.0
22610048
13298876
14423296
19292643
6811577.0
9106830.0
10457186
13707968
1257075.0
7280866.0
9152400.0
10102919
5885700.0
8879343.0
1.060768E+7
8969182.0
4761682.0
4758104.0
7351231.0
1704865.0
14841466
17546519
4592871.0
11236081
19642971
2570994.0
11990227
5736248.0
14332046
9006020.0
11537132
6463164.0
6424087.0
3199449.0
2788278.0
3772982.0
8430169.0
6744114.0
4657053.0
3442970.0
8824110.0
21264052
18007732
19609735
5578750.0
7565880.0
12642295
5986275.0
4487489.0
8275079.0
14063479
4835372.0
5717957.0
2297709.0
2243608.0
1888421.0
13585029
12857414
19528504
9865347.0
9786356.0
4128213.0
8327061.0
15672127
16948301
3651918.0
9706170.0
10104236
3312304.0
2443090.0
11492151
10281039
22810211
3376907.0
4226773.0
1663298.0
3851796.0
4298273.0
22711972
17943292
1.675002E+7
8515632.0
1.347122E+7
1.318316E+7
8641169.0
3488091.0
8527017.0
8810671.0
5337694.0
19792105
3367512.0
6303544.0
12713277
8204416.0
1697087.0
18498615
5334401.0
4969136.0
16460301
5599583.0
15451671
2155756.0
2724092.0
8840437.0
6437443.0
1.315062E+7
8307305.0
4526242.0
4858645.0
6385989.0
8200954.0
12131766
3400177.0
8445056.0
5181810.0
3391872.0
7712179.0
4398814.0
11821924
14329808
18531136
17900566
2999570.0
6679325.0
12357148
6140710.0
2998862.0
4276522.0
2877183.0
11964001
2516554.0
7461966.0
2762120.0
4572965.0
14240644
4540077.0
2927584.0
6073351.0
5666265.0
5988388.0
18357818
9078595.0
5458335.0
10639956
9161892.0
14295766
4964339.0
13985779
2019120.0
8720583.0
9250635.0
11002452
4875517.0
4668360.0
5427769.0
6702789.0
11174921
19634529
20777806
5923167.0
5303973.0
11947283
15917341
11051441
4530839.0
12619595
9093027.0
7994658.0
10306928
16952221
8788663.0
9406470.0
3752249.0
2805821.0
6497692.0
2921514.0
3678666.0
22860623
6626977.0
7552288.0
1903444.0
13179791
23927108
16534142
12473242
14208037
18487663
19497296
3372581.0
6407018.0
6760558.0
2568024.0
15711196
1.981226E+7
8800886.0
3836776.0
12030931
4800806.0
10333085
11858751
7627723.0
3917811.0
11798183
9631901.0
14162155
3066149.0
6396401.0
6901415.0
5029096.0
2895750.0
12417223
9926452.0
12819152
1905798.0
2.339836E+7
9005670.0
7208690.0
9551405.0
11846384
15459927
4329257.0
2341092.0
16105685
4228486.0
5326059.0
3107140.0
8038504.0
7419081.0
25914816
11440202
5395608.0
10189599
5946361.0
8997910.0
4090616.0
1.877091E+7
4765622.0
13632226
9532378.0
4332963.0
6653927.0
8515202.0
11259035
1767657.0
8434178.0
25878882
5764220.0
3325639.0
9051440.0
19353683
6928575.0
2769605.0
3464713.0
4802186.0
7208925.0
13339859
2754318.0
2542665.0
6614461.0
10347002
3757646.0
27407024
4724586.0
4818397.0
22030093
16595518
8811719.0
11077726
11832778
9978646.0
3582934.0
15917415
6739312.0
2049214.0
8737691.0
1878425.0
4459680.0
14962502
3557910.0
3656574.0
5910962.0
17363864
2039392.0
11612277
8156423.0
12203425
13367606
7581842.0
11330914
9065636.0
10124932
3428215.0
10138687
3913031.0
3251438.0
11402604
6221628.0
9482890.0
2511369.0
3127294.0
18655029
25632741
5582275.0
10127844
12235305
4141116.0
4813405.0
12676637
2425911.0
6976929.0
1481806.0
13888381
2914916.0
5799964.0
10078196
7465061.0
8182624.0
2051104.0
4248351.0
24413904
17398838
13605526
6062212.0
12409661
1965147.0
4980773.0
14979561
12173197
2362949.0
8916712.0
4871685.0
7552977.0
2460116.0
1.844881E+7
2496965.0
2937179.0
20334637
13752711
23372192
1.089186E+7
11709557
14746535
11899386
10431623
3339469.0
7065963.0
3281189.0
5640578.0
24225627
1512899.0
1415048.0
5241755.0
2934713.0
6920867.0
10610207
7683203.0
10790268
2186901.0
15804029
4490065.0
13815146
9390872.0
8706387.0
2501834.0
4444600.0
5332496.0
14199684
5063031.0
4217880.0
1.709717E+7
1.716395E+7
2.293535E+7
6100843.0
5321508.0
7477787.0
2036483.0
14281728
6555588.0
15607978
8954200.0
2298645.0
10867382
6141333.0
2177503.0
14649521
5399064.0
2123694.0
1773887.0
12787157
1.074043E+7
5693980.0
3882525.0
3199072.0
11029585
1975885.0
3115919.0
3389308.0
6985857.0
11915201
2103592.0
6937048.0
15380923
7074722.0
1642541.0
19853877
2205496.0
8327118.0
14469739
8979862.0
6771421.0
14676935
7661618.0
2234473.0
8022976.0
12201467
3673798.0
17643133
20950539
4296453.0
9228118.0
16204509
10586101
27032946
16655966
2136687.0
9412597.0
14097061
15976329
13972354
1959774.0
8406328.0
13148413
5125259.0
3287871.0
2129080.0
10667917
1.660898E+7
11008079
23108288
11159869
2367209.0
8356896.0
18597849
10748279
11494447
2800821.0
13354458
2190984.0
6672699.0
5037625.0
4472756.0
5164404.0
18683344
8983460.0
2782923.0
1482121.0
7449619.0
13467379
4240958.0
17033635
5875888.0
1668636.0
9197601.0
14442048
7794681.0
8003895.0
2167419.0
2455505.0
22943747
4879332.0
2160282.0
22340826
10444056
3347204.0
4479486.0
3382731.0
15460241
4070237.0
4665974.0
1.86901E+7
2224097.0
3046086.0
10448793
10620586
5034475.0
24300989
7800168.0
5477048.0
12306923
5767968.0
19232891
2.284164E+7
7729127.0
4115929.0
2151511.0
1.493484E+7
3825208.0
10632973
4190323.0
9071633.0
2018342.0
17000359
3063450.0
4194645.0
12184612
10424027
21772968
5942048.0
6712985.0
5006958.0
15346234
21990738
10180788
7809644.0
7864929.0
9720805.0
1913446.0
8750491.0
11509788
6235923.0
8154110.0
3655903.0
4711789.0
25210258
6196342.0
16973745
3679714.0
21352391
5600085.0
1.174879E+7
6085887.0
12534182
2139836.0
6186506.0
6995292.0
3651821.0
5239962.0
2679191.0
5936070.0
10162556
7891985.0
11387357
3072471.0
14913533
7255222.0
5193171.0
10474184
5049336.0
12925985
7753639.0
6089086.0
14360248
4400091.0
1961367.0
13456133
2996849.0
2906998.0
9989742.0
10690793
5946293.0
8944621.0
3495236.0
2024022.0
6824856.0
2014536.0
7085629.0
1.283155E+7
6085502.0
11941284
4254877.0
10020768
13145141
19437655
11565967
6414661.0
6016173.0
9419035.0
17686263
19332207
20017155
12818806
18553984
1.907014E+7
15367972
7244261.0
7212690.0
5820869.0
3581384.0
8329880.0
4770050.0
3152321.0
7796112.0
20359572
4867339.0
4068468.0
24573663
12335496
3300350.0
17998681
13694387
3862645.0
3345441.0
15762081
7794740.0
6138574.0
3285407.0
3660596.0
2280251.0
6027289.0
9975547.0
1718146.0
16386801
19967764
5362423.0
6162958.0
23984283
6625604.0
3633776.0
12850109
8217812.0
3068865.0
5653427.0
2493106.0
1.176286E+7
22223921
17794474
7040675.0
5661956.0
2778883.0
3204438.0
7041032.0
16159529
1.125603E+7
6334026.0
13938342
5608198.0
7116919.0
8946780.0
5343944.0
8198427.0
19296753
13366249
8754444.0
2684585.0
20089448
9144489.0
14345384
21332138
3721645.0
1.033377E+7
12131886
5519104.0
11373704
6919328.0
8262718.0
5019079.0
4428922.0
19196342
4260509.0
4858588.0
13264195
16612678
16826903
6858512.0
11411663
13265254
7272263.0
4324418.0
14046486
9904377.0
7729786.0
8245073.0
1379852.0
15388688
8353675.0
6403814.0
8952910.0
6624418.0
12465284
2184171.0
18481609
8694921.0
3799396.0
19894884
14211568
21841743
14259051
14884666
10723952
9742620.0
13831878
6546382.0
5336890.0
1650599.0
7545828.0
12723752
11237595
6219626.0
21852006
20705557
13097985
16829536
5772752.0
21911337
2258324.0
4758051.0
10749005
13160291
2342447.0
4519767.0
12947299
9973968.0
4608362.0
26974328
6187206.0
5670321.0
21765526
6023276.0
13124244
9234104.0
12063144
5366141.0
3544677.0
14707561
6846562.0
2120371.0
8566133.0
2110851.0
11992999
7711210.0
4292244.0
3487763.0
13164714
10920494
7131240.0
9045269.0
11156937
7147273.0
6097800.0
5519858.0
2472404.0
9229715.0
3374352.0
9814079.0
8891926.0
3171095.0
5991379.0
5006797.0
3268137.0
2.03128E+7
5314933.0
4031655.0
15494513
9967227.0
10992486
1.395292E+7
3522187.0
4483402.0
15342918
11715807
1839691.0
20413224
2749704.0
1961608.0
4327018.0
1.385628E+7
19862134
15030938
16754052
6177457.0
21230229
17537032
3764532.0
8426224.0
5370698.0
14429762
4880153.0
2408617.0
3051370.0
2644986.0
2772037.0
4929850.0
2275872.0
5588143.0
19110132
7809231.0
14137673
13745694
3224712.0
3021294.0
10288482
2237140.0
5348691.0
3731514.0
4680331.0
7279166.0
5053044.0
18527825
3201698.0
13291674
6921363.0
5533849.0
11282882
2.21244E+7
6179514.0
12295605
1.575231E+7
2401893.0
15209516
9387415.0
4291482.0
4086696.0
5626996.0
10169863
7340654.0
12043479
3954279.0
6109907.0
10941573
6837591.0
8470315.0
19519682
3633680.0
3237169.0
2869956.0
3220467.0
13968519
22531955
8290557.0
9799043.0
5254393.0
2191185.0
6911290.0
20225761
4571736.0
5460905.0
17932895
17087468
3099286.0
18522316
3509407.0
8500300.0
4196215.0
16213103
9761419.0
8229072.0
13214013
14122129
7993612.0
1067805.0
3423428.0
11062204
15114743
16144557
26221731
21609375
11176358
1.319761E+7
19089498
13128542
1.112578E+7
3368924.0
15936307
12277014
7256297.0
2358413.0
3971803.0
8230716.0
22403092
14967963
3037184.0
3685830.0
3033542.0
4429509.0
4636341.0
18391428
11405792
12057657
2408122.0
13371563
5124705.0
12126238
2030432.0
8548406.0
17926081
20421426
5501310.0
2957594.0
16158816
15532436
16518448
20521962
10468607
12412061
8852137.0
13255354
6798386.0
4940046.0
13307661
4752431.0
3812961.0
2001698.0
5726576.0
3010319.0
20779708
13987385
20769413
20687163
13870755
4104502.0
19042815
16083328
4551737.0
8488775.0
2063626.0
4559393.0
3114783.0
2791402.0
1720095.0
5979412.0
12491996
10594664
7580360.0
21809103
16665266
2288733.0
20118234
10791158
6369971.0
6232510.0
8387876.0
5184847.0
3631906.0
7039154.0
5663144.0
7466636.0
4753509.0
22707231
1978758.0
2968388.0
10181811
19001513
5417698.0
4267480.0
5593413.0
9136577.0
13444199
17188219
12247771
10211277
1.311246E+7
9744197.0
10531187
16338655
6383470.0
5576255.0
8656353.0
10649866
21512549
1.814751E+7
9762523.0
8590214.0
5613059.0
5630825.0
10958831
4440779.0
15035396
2212200.0
7047030.0
5616878.0
11379462
7320203.0
10730617
1.06384E+7
2319542.0
14179697
16929875
11011439
3926440.0
2685787.0
5385333.0
4111594.0
6786526.0
10799815
2870855.0
5996999.0
3100200.0
6017242.0
4588430.0
8903508.0
17789814
9238514.0
4884604.0
12205702
6902603.0
2115038.0
12573441
15949887
2921711.0
2451116.0
7082522.0
3002817.0
6664969.0
5166187.0
24695037
4855492.0
5502638.0
7034739.0
10539843
2603620.0
14433838
12107968
9328526.0
4253884.0
2459426.0
18006049
9443502.0
7736035.0
4236207.0
7066610.0
12499237
21708076
4140470.0
10667345
6454561.0
1941030.0
6674143.0
2582393.0
7543860.0
2358354.0
6703816.0
7270844.0
8220882.0
6992755.0
5285862.0
9888232.0
3619626.0
9326887.0
2132335.0
3074432.0
7313068.0
20674277
12864234
6998826.0
16082222
14442354
8892249.0
4495582.0
5411542.0
3235531.0
4172247.0
8823676.0
4738531.0
18887135
1676145.0
6653928.0
18717597
14383216
3220911.0
17272105
22681409
8052468.0
5131491.0
8951452.0
5275540.0
10832698
11187679
18729261
8289522.0
7043889.0
17156397
13721203
12450566
7568367.0
9855694.0
7051643.0
22064829
15830723
4090463.0
15433785
9549204.0
9751309.0
2536461.0
8293053.0
13009169
8240760.0
15687471
5803967.0
10666011
7541100.0
11016585
7126367.0
3345872.0
15917624
3526747.0
2628979.0
19028892
2567227.0
2520501.0
5440644.0
1.776163E+7
14108428
9930105.0
13666392
1807009.0
2013737.0
12056854
3529191.0
3511386.0
17925914
6618235.0
4130767.0
16171181
8820865.0
12744742
5296809.0
13096403
5682847.0
2190447.0
11516238
7139193.0
12110593
10208995
10592519
3096289.0
3102097.0
9247198.0
3743717.0
15414006
14417883
1.134235E+7
19136556
1.113625E+7
19914965
15511606
18708627
14177223
3529158.0
8725112.0
11209933
6302170.0
2580494.0
4984846.0
7041079.0
9467791.0
15355524
11299535
2023538.0
8031073.0
4506868.0
8839483.0
7859848.0
4590934.0
5993655.0
11078849
12790231
8785141.0
3090337.0
13356266
3836139.0
18171552
1.685139E+7
2416436.0
4396284.0
2064966.0
2521333.0
19863335
1.827046E+7
9818910.0
4669738.0
9905045.0
9905722.0
2601249.0
5994673.0
5272519.0
3139223.0
16864814
15553863
2399875.0
3135097.0
5919039.0
8286429.0
2993016.0
6436154.0
5469328.0
1972324.0
3620553.0
2751261.0
2720126.0
5652101.0
11293835
3246259.0
8105558.0
7885905.0
13614117
2409457.0
2537532.0
3764004.0
4698284.0
2836020.0
17225237
19867258
16412091
2257405.0
8151591.0
11478951
5830816.0
11061192
6794141.0
5840883.0
3086312.0
6495116.0
4432343.0
5518447.0
4767516.0
5225637.0
4069102.0
13813804
29865678
11165499
12187772
12895568
3858881.0
4246124.0
1848508.0
1.28033E+7
15006985
14294273
6253952.0
9117331.0
5526432.0
7186362.0
16693467
18267684
1969739.0
5517032.0
3901202.0
10178698
5701663.0
17620992
5978200.0
2254630.0
9028196.0
17610731
9855194.0
6942710.0
10533849
5079460.0
5020759.0
14480872
5146972.0
6061192.0
5459142.0
12161399
12483093
1703331.0
7638931.0
14602636
21282393
14892468
5586027.0
12359824
11350639
11241044
4770346.0
20576613
10797775
7034391.0
9212199.0
1.253159E+7
16908028
9237905.0
15586914
9484964.0
12570705
1.527965E+7
4434321.0
3030808.0
10120623
3384186.0
3083154.0
21814631
1475647.0
5198234.0
7402548.0
12514625
24127012
25474645
12216663
6153349.0
5228588.0
8947460.0
9960105.0
5408909.0
3185766.0
4420963.0
5128154.0
2444601.0
5043512.0
7128914.0
12437694
13948152
23941466
4150124.0
12313132
6457442.0
10888358
4916050.0
5834813.0
6257617.0
12349638
2908818.0
6473227.0
3392852.0
7407913.0
5259827.0
8191433.0
2789808.0
12838806
8731898.0
14320042
5627919.0
6208547.0
2106873.0
24268394
18466713
2238702.0
23402259
13167391
7335913.0
12745992
20454286
5283733.0
4183035.0
3134974.0
2498943.0
12696517
2237501.0
5655490.0
2.158272E+7
8279791.0
7815388.0
8663283.0
5110181.0
3323548.0
14740359
12925865
11010554
6328202.0
3901808.0
4688964.0
4862411.0
4145461.0
5410419.0
1768481.0
1506203.0
14461471
10818727
17374492
23498931
1.891022E+7
16299571
11379816
19022457
1.028616E+7
4965832.0
3414007.0
7647825.0
3743249.0
8872081.0
3834657.0
6611628.0
17187106
15676984
23479227
18201501
14485887
4244942.0
10547833
8281297.0
4052741.0
10680223
10587817
7865102.0
1954598.0
4236219.0
2273687.0
5440610.0
5247182.0
6547705.0
3531835.0
4059045.0
8451897.0
11229955
17436568
6018403.0
7923757.0
8458785.0
12941734
11687544
1792070.0
5543917.0
9539617.0
8176614.0
7765872.0
20964155
19472553
11579548
4976056.0
4768803.0
22802279
8116430.0
9406180.0
3453552.0
5577483.0
4244705.0
1649038.0
4428739.0
12683969
2455690.0
1.539246E+7
19857907
3822656.0
5920586.0
10401514
8578696.0
19340406
6873334.0
1644692.0
11585092
1990272.0
14598145
4859426.0
3263703.0
10435982
8151273.0
20840937
14709193
8199522.0
3348557.0
1.382737E+7
10439036
3598129.0
6300660.0
11306892
12983602
11754476
3775084.0
9438062.0
2429967.0
7386383.0
1.376007E+7
2617874.0
17244255
9928705.0
4804811.0
21272929
5610078.0
13202781
17237847
15982933
3639939.0
10052656
8887747.0
5340369.0
1926931.0
15181835
10762625
16222039
17657842
7904437.0
3521085.0
16607398
1.565259E+7
4311026.0
17326816
15486939
18329924
6660806.0
7517604.0
1967927.0
4050467.0
2851745.0
3752115.0
4738261.0
3449618.0
6514216.0
6485249.0
9205781.0
26838475
21615657
9779456.0
6934926.0
7698574.0
18090673
3026629.0
6830024.0
10285798
7876555.0
9586619.0
1759272.0
11790304
5197825.0
3930946.0
3621936.0
5452123.0
8821432.0
10933944
9942215.0
11295404
7247835.0
16650136
5136704.0
2814113.0
9538536.0
1803052.0
4187749.0
3860736.0
2531495.0
2075725.0
8619551.0
3091405.0
3625860.0
1940971.0
1.361735E+7
9749655.0
11567082
13109289
12968283
4209695.0
10265076
12905043
6804422.0
5361210.0
8088915.0
3400624.0
2951429.0
15198839
2534398.0
7409275.0
10203408
8422700.0
16561564
11458718
17683136
3272557.0
5846128.0
17083313
13146514
4457137.0
6475193.0
8446577.0
4490451.0
16067549
3573079.0
10562646
22736847
4090517.0
11438386
8669798.0
2795224.0
1357703.0
4262571.0
12464586
6634824.0
2388883.0
5901142.0
9391011.0
23492876
2890944.0
5561476.0
2826565.0
5406034.0
3328397.0
2437386.0
9719499.0
2497715.0
18622384
5617042.0
2179180.0
13287283
16448132
16674569
19121747
3248288.0
3474796.0
18608062
15244821
2777768.0
4878092.0
1.085456E+7
6283865.0
1.866655E+7
19213218
8229728.0
4124751.0
16409769
7064376.0
7916772.0
9642955.0
6611136.0
5614342.0
2548878.0
2051662.0
9736191.0
3374501.0
10342261
12919091
14496637
22502784
4087603.0
7710700.0
4766041.0
6146453.0
2964415.0
2719344.0
11796487
4788368.0
3199282.0
1.713295E+7
7421708.0
4842506.0
5535266.0
6121304.0
12984379
3489806.0
4805187.0
17110235
7852548.0
1.129371E+7
1887100.0
7793865.0
6120439.0
7414130.0
4378200.0
6736597.0
8160266.0
10965123
13082428
15520091
3272558.0
3877038.0
10181075
4161035.0
15898175
2499765.0
2718302.0
19507563
1.734241E+7
14725579
5247929.0
4219687.0
9154345.0
8915914.0
2673335.0
3236766.0
4599554.0
9287736.0
4421941.0
2217092.0
18080009
10185465
13779113
17137203
2416606.0
5077052.0
7636915.0
12560127
14970148
12137678
6878558.0
9741179.0
1730625.0
7888584.0
9443165.0
10371609
19883036
6800803.0
1471299.0
25597899
21188443
15279258
2192241.0
19738369
12908838
13572979
2813383.0
4381082.0
5657635.0
4741534.0
3260865.0
9966256.0
6655807.0
14236261
15457828
8091328.0
7630242.0
2423907.0
7395780.0
8042024.0
1883331.0
3308746.0
9460578.0
15694195
4423102.0
13884915
7520522.0
7239008.0
9487058.0
2814647.0
4693565.0
10459951
3800693.0
1462952.0
3939177.0
1430215.0
1787351.0
4273930.0
9524803.0
6935153.0
10559019
5606545.0
5736580.0
2358530.0
2361622.0
3041435.0
2038762.0
6487656.0
2965264.0
13667811
3181411.0
10028963
16995366
11703157
19900098
3363386.0
9217418.0
5705682.0
22343339
7275223.0
2724949.0
2349052.0
16670007
2146697.0
3514199.0
7117225.0
7761688.0
3710219.0
7781542.0
15455195
19376577
1.028755E+7
2312301.0
5127417.0
2451463.0
9344731.0
2533450.0
4224390.0
10331468
8985076.0
3664148.0
2972895.0
7419263.0
9781503.0
15502068
12014836
3345016.0
7173205.0
16200989
14397301
5256049.0
8228368.0
9003060.0
4523347.0
15158577
4811660.0
15175359
4968059.0
10302876
8960421.0
5127414.0
11845523
7727067.0
1.941853E+7
14376481
2823638.0
5310017.0
13908127
9949509.0
10338061
10517499
8304138.0
9606807.0
10441554
8394739.0
11392518
4823067.0
21102105
9020442.0
10577663
11872404
1.266024E+7
7176782.0
20629468
2284843.0
1.235026E+7
6765952.0
6020289.0
3727658.0
10866064
5753816.0
6203261.0
7202305.0
10064048
8183307.0
8863742.0
18764025
6720100.0
7333789.0
2578339.0
1.706407E+7
4974012.0
5992400.0
7348975.0
9621888.0
4226399.0
1432078.0
10493145
12159008
2459463.0
9783945.0
7109128.0
3642182.0
1925756.0
2083690.0
2156086.0
6671193.0
21738813
6668258.0
3025370.0
11276812
18658214
20971385
7785138.0
4476255.0
1.105018E+7
3249942.0
4462102.0
3996115.0
5147553.0
4373536.0
6734791.0
15259868
17576169
7115613.0
15419011
15868923
12082164
4077852.0
14252731
1.553335E+7
14638276
14119766
10360878
5289072.0
8608304.0
7052986.0
6491100.0
2429547.0
2.154948E+7
9208047.0
3505016.0
8617105.0
7020493.0
7584017.0
9212124.0
8314123.0
10235833
2591685.0
3674200.0
3883675.0
9639399.0
3394596.0
5183873.0
13961022
17704196
2839691.0
2960108.0
2049059.0
15772156
25677051
13939661
10601209
13876889
4578740.0
11495983
10927872
5301919.0
1.872895E+7
6647758.0
8104611.0
3705831.0
11806364
6023560.0
15512186
6319841.0
2844243.0
13391828
14763002
10860048
16111483
2213314.0
8309251.0
2467927.0
12423846
10077978
8271540.0
7243183.0
5694940.0
2030039.0
7867216.0
3448773.0
2252672.0
7624859.0
6703793.0
2583662.0
2340304.0
16341456
9424193.0
10106568
6854693.0
6228304.0
6578696.0
5091265.0
3350868.0
3372555.0
13485709
6740698.0
1961375.0
2362668.0
5671913.0
1996386.0
14221114
10262988
4094321.0
4974965.0
14292878
1.103559E+7
1479868.0
5529901.0
8633855.0
1.081882E+7
10237181
25110235
8753066.0
11955027
12381933
10690809
3254439.0
1.045824E+7
13545145
12708979
15303633
3731965.0
4337620.0
4624909.0
1.06896E+7
11557432
9998983.0
4448843.0
8257970.0
3245466.0
7893842.0
24352425
25066145
8725531.0
10872708
5552109.0
12822675
19833322
16851429
7346630.0
2880291.0
7811096.0
8958073.0
1895192.0
2772100.0
4011499.0
21015693
4762243.0
1628021.0
4541579.0
5783443.0
18735508
7280762.0
7325160.0
8977807.0
1.437674E+7
11646508
11788159
3580313.0
3081042.0
4997384.0
5276457.0
7586840.0
1.378354E+7
5741933.0
28440682
11953885
7534777.0
4956556.0
18375139
1.27226E+7
5419437.0
6352037.0
2424896.0
3798280.0
6071192.0
3613134.0
1.183859E+7
5808410.0
3544749.0
3339625.0
7933766.0
1.368007E+7
23103074
14545663
6479649.0
21342122
2689679.0
11723316
1.372691E+7
2784284.0
3111893.0
8843021.0
9390200.0
1587351.0
23756725
6295103.0
2539167.0
18408571
2901832.0
4723731.0
18150044
7902511.0
7894119.0
12911569
8923105.0
11156991
10896223
1789688.0
11459175
3506742.0
6699875.0
7874180.0
3632438.0
3457040.0
17196074
3391579.0
14775826
1.327324E+7
1.668007E+7
17977443
18001772
3765772.0
14545194
12110067
3854689.0
6416478.0
2097745.0
11193507
2193013.0
16340304
15096631
20907531
1899871.0
8080432.0
3620160.0
15146558
11396567
2763532.0
2206256.0
12528059
5805769.0
9545255.0
4438451.0
8442192.0
12572163
10428025
9091996.0
8607386.0
14919315
9619638.0
2082620.0
13106566
7895137.0
13620203
8743648.0
9558873.0
21766278
14785158
10803266
14373021
15020398
2724665.0
9535675.0
9867934.0
6592078.0
1709506.0
16520568
2055037.0
4163862.0
7557432.0
14571892
22943284
14141246
8351983.0
8783462.0
11192289
19247915
6155210.0
4976602.0
1.383246E+7
9266641.0
6127625.0
8734236.0
3106699.0
5206449.0
10938339
2139800.0
4636210.0
12728706
1868241.0
10788969
19095253
11537002
2912826.0
6632994.0
11130078
6390292.0
2210632.0
1915144.0
7076386.0
3747360.0
3732635.0
6018960.0
2883992.0
20322066
2992759.0
3630331.0
2107046.0
6304361.0
10159404
4657967.0
12985685
15179681
6245821.0
8421087.0
10099045
2095883.0
3436897.0
4008778.0
6402182.0
3318554.0
12346623
6684128.0
2724631.0
5931135.0
1.237995E+7
6923317.0
14415246
2743148.0
2770122.0
4194457.0
5830624.0
3166092.0
3594972.0
12498965
6730158.0
4930962.0
9317822.0
16209756
6459000.0
8495549.0
4626304.0
7132688.0
4559370.0
2114574.0
7457436.0
9647240.0
8829321.0
7144818.0
5312891.0
5684534.0
3156923.0
3296762.0
18677333
10708305
9318043.0
12043516
2326266.0
8887832.0
1817116.0
20054207
2016721.0
2270233.0
11257538
5342522.0
7300971.0
20687639
2145200.0
6472764.0
6684769.0
7118642.0
5067023.0
7256093.0
11878412
11749624
2840302.0
3597418.0
17394786
9176523.0
12709235
5095050.0
5883332.0
7850841.0
14614237
8604360.0
10008548
4791181.0
5532238.0
1952695.0
1.593617E+7
2799801.0
3540166.0
4040441.0
13936688
7307167.0
5817247.0
2558030.0
15818338
11667803
2103807.0
4102514.0
8674139.0
1687537.0
3493942.0
6052513.0
1784732.0
2519769.0
2152057.0
3047532.0
16406145
11487173
22546139
18470697
12525486
6017226.0
3400514.0
1.565779E+7
2498769.0
5640076.0
14111413
4644341.0
25160608
8036590.0
1951843.0
3637152.0
3277180.0
21469157
23789779
16009875
1997722.0
13802041
13117771
8428900.0
3604908.0
7802687.0
14040365
13346457
2784943.0
5777512.0
4285093.0
6953403.0
4596174.0
3464226.0
3037742.0
5249945.0
2220537.0
16976694
14860477
17810376
1.425793E+7
4275055.0
7730754.0
3158756.0
5121189.0
2495942.0
7380396.0
3841259.0
3422326.0
4254529.0
17727542
3310588.0
10893569
9001377.0
9839051.0
16844254
3604838.0
7900710.0
9629342.0
9961259.0
7917702.0
6773593.0
7587411.0
4200368.0
29105332
10374336
3151330.0
5780418.0
2963789.0
20781802
13919559
5144352.0
3053447.0
7748370.0
15198368
11666802
9235792.0
7135976.0
9988940.0
6245054.0
3541580.0
29198013
1486635.0
2861438.0
20075735
7814147.0
5944228.0
17288301
3172926.0
2300520.0
8471558.0
18058502
11262941
8906567.0
8600767.0
15056255
9009817.0
7767669.0
6258368.0
3687173.0
3608747.0
2815893.0
8421223.0
2394789.0
9368402.0
5637394.0
6795598.0
2636894.0
13381514
3696886.0
2785132.0
13365293
10311246
5787575.0
9130911.0
5827308.0
3767748.0
5424981.0
1694447.0
3213106.0
3161234.0
22679483
3167813.0
20411695
4975555.0
4011462.0
16305211
3217866.0
9357302.0
6170069.0
11474022
1.038847E+7
1423651.0
6259401.0
8944230.0
8826173.0
5259803.0
11368041
5730986.0
1.322901E+7
8794830.0
15582739
13681207
23039229
6205902.0
2766650.0
10392114
6609994.0
1446862.0
3739582.0
3046716.0
3045681.0
5197545.0
21400097
9227666.0
8161483.0
21863666
10469242
20521126
10408201
12242157
1877346.0
6761020.0
19935102
13952006
4261285.0
3474334.0
2046563.0
3329885.0
5257703.0
5953955.0
7743223.0
2426407.0
20744224
1.154715E+7
1.111071E+7
15681233
2539447.0
9134205.0
16772338
3965726.0
9529168.0
3228176.0
16620536
1984400.0
6219123.0
2026519.0
4288248.0
12699276
17674715
1.958844E+7
2716348.0
21248006
9611023.0
20158009
16817119
8068214.0
10738395
11809529
11039399
3737823.0
24203484
4767547.0
4410080.0
4183788.0
14387612
5558999.0
2368856.0
13556408
8684815.0
20274428
5696102.0
6181746.0
7984764.0
12005898
14448231
2347441.0
8356346.0
6554900.0
3157937.0
2298562.0
26983071
3992406.0
6693039.0
8751129.0
9539813.0
3784907.0
16302987
4196322.0
12176642
3419316.0
8333838.0
6167975.0
7497595.0
8176808.0
10882788
5765022.0
6314044.0
5131266.0
6981632.0
6146914.0
5847723.0
1.072262E+7
9173088.0
9156326.0
6427817.0
3202302.0
1.231801E+7
1.211832E+7
7661606.0
6840647.0
10182035
4630677.0
2065081.0
8650042.0
8459441.0
18713689
19325867
3794265.0
2304131.0
1.915277E+7
9495244.0
3750820.0
20461336
5564785.0
5723355.0
11364758
14025371
7911746.0
1511700.0
7795008.0
5103124.0
10660684
12420202
6992592.0
26549694
2241549.0
8536597.0
11972527
5633357.0
14437316
9546984.0
4308071.0
4390144.0
3544538.0
5808532.0
1.127165E+7
9704234.0
9922880.0
22707744
7329668.0
6830924.0
6718066.0
3478878.0
17761785
18714072
10028934
2457287.0
1.032352E+7
14492377
5306337.0
2713289.0
2721339.0
5510885.0
8279319.0
3124302.0
1219103.0
3849196.0
9653884.0
15053875
14259736
5236656.0
13767798
1495453.0
1.52977E+7
16596789
11306466
6777145.0
14698618
6657708.0
3721391.0
2538256.0
5030522.0
5701176.0
5830805.0
3371809.0
3831939.0
17114657
7748034.0
2164792.0
1.298335E+7
2639142.0
1997631.0
6575319.0
4294175.0
4399014.0
5493210.0
4330834.0
6184622.0
4774713.0
3155799.0
15439555
1.562067E+7
18734714
5903127.0
2657653.0
7634518.0
1532521.0
3927880.0
7103246.0
17343783
5351453.0
4511081.0
2062956.0
5225448.0
12709326
11042312
3845319.0
11885439
2091951.0
15764721
16201803
1975441.0
20440278
15633374
12730431
14531411
18766972
2202860.0
8123465.0
14502061
13411374
3768444.0
4204288.0
2436708.0
5938175.0
9402956.0
11711606
5864876.0
6157919.0
8312786.0
12352484
5511949.0
6428780.0
1888871.0
15531049
17976488
8140236.0
8159918.0
9242670.0
6179930.0
11335382
2120059.0
2475160.0
1548080.0
4960850.0
3174422.0
12259832
5914321.0
12824787
11762637
5659840.0
8762731.0
4478651.0
5697961.0
1711239.0
12100186
1.438577E+7
5159212.0
6100402.0
2103853.0
2214637.0
16469579
5475385.0
2843131.0
10453212
13096487
5599180.0
10053469
3936105.0
6322977.0
8558807.0
6874693.0
14761225
3852856.0
6081061.0
7650455.0
6090909.0
7851511.0
23741666
6032278.0
16420277
12590708
13599804
2.055643E+7
15460811
6615441.0
12567069
16401075
16120725
1459129.0
5366284.0
8727509.0
6328981.0
14069526
1.790388E+7
2422875.0
3282740.0
1.39087E+7
7059235.0
8986384.0
6779128.0
9184482.0
1.433335E+7
1794054.0
11677925
2814736.0
6026394.0
7298466.0
6114519.0
2748214.0
9659644.0
7217110.0
8826329.0
8730690.0
4563123.0
14741732
17324649
9600392.0
3940729.0
12408105
4465970.0
1.338785E+7
10186219
19745675
9366688.0
6043284.0
10037926
10907609
2869955.0
2573033.0
5632840.0
6740803.0
8299230.0
6829774.0
16326759
5026438.0
6173882.0
3763351.0
20334523
13909705
8366248.0
8388488.0
7959151.0
10438523
4092883.0
1867968.0
3151623.0
9385287.0
7259255.0
21524465
24387722
9911712.0
7719179.0
8910224.0
16445489
1.73266E+7
6121128.0
18067848
7638033.0
8284656.0
3988798.0
6841898.0
5423334.0
15650068
8109861.0
16598476
10505147
3947526.0
2600729.0
5474476.0
11127318
18803936
11815373
1.256789E+7
12133649
15489245
2078109.0
2568086.0
2629275.0
1997279.0
9323584.0
10484685
20488424
5650650.0
2739728.0
20360349
4583771.0
24154973
4718925.0
2585955.0
2038531.0
2618802.0
10776835
5798089.0
2897657.0
8662057.0
5237979.0
4172916.0
3649355.0
7684137.0
4913145.0
5839731.0
11560623
9143205.0
12927443
6936336.0
8253843.0
5478540.0
10438609
11969073
2666069.0
10357573
13225116
3830780.0
13743476
2299951.0
3438503.0
25078236
7608795.0
3122490.0
8507234.0
20443683
20301027
2.239903E+7
2745024.0
4130433.0
4682246.0
11241604
5766161.0
2075573.0
1.100206E+7
4884507.0
5778700.0
9598913.0
9178262.0
22450878
3359441.0
7901289.0
12505275
9432022.0
13592477
9713717.0
7486201.0
16300754
4884194.0
5957039.0
7566766.0
5755986.0
5691358.0
3873082.0
4954881.0
8483922.0
2462551.0
4876497.0
9850808.0
2239011.0
2039148.0
18952856
11530392
24584471
5312558.0
10888564
1.505979E+7
9782190.0
12538058
8532579.0
5443775.0
9019962.0
12440113
10045869
25121111
2250424.0
7858620.0
4456506.0
9504464.0
8402220.0
5837155.0
13637711
16081198
11348486
11547822
4647917.0
2573840.0
3622293.0
13491516
5287677.0
3956588.0
8644767.0
6099635.0
10625713
1.914144E+7
21676392
13688049
10584402
4070011.0
21705774
2354321.0
11003064
8471080.0
2782306.0
11820198
7829762.0
6857454.0
2462737.0
2839702.0
14858145
9283549.0
21079881
24556211
2393230.0
8294816.0
9897796.0
7468758.0
14574138
4463502.0
18479201
7665386.0
7970346.0
5721762.0
5715390.0
8691853.0
2498758.0
16363944
1877425.0
25784099
15750278
18852678
5176647.0
6605249.0
11414832
3823825.0
1.209315E+7
9818453.0
2664617.0
7397137.0
9437273.0
1663255.0
13884883
13625601
4822654.0
13765018
2505916.0
15068276
12832174
13080196
11059404
14399699
4787343.0
18871067
1.01681E+7
7304426.0
12571285
2932998.0
7763819.0
6981929.0
2531091.0
3480548.0
17153257
6508531.0
15918227
19232648
10835047
7215544.0
9775240.0
3043686.0
3447854.0
4438476.0
2543336.0
6155771.0
6930650.0
22169797
5325609.0
1804376.0
21942793
10011962
14140124
2077229.0
11708688
3517841.0
20958156
3358064.0
15260969
9631774.0
17692951
13792265
6053700.0
5197745.0
9221153.0
10356296
16894068
7106251.0
8153059.0
8189087.0
4739827.0
8779661.0
12440742
3333003.0
8771862.0
13274684
12059913
14272147
6644622.0
7070946.0
3728047.0
2833252.0
20009797
19210789
2359306.0
7349980.0
12680139
20339693
11251079
4277447.0
14619316
6023485.0
6203824.0
1.311372E+7
13523323
12056668
4352295.0
8060334.0
5463088.0
3245883.0
7102882.0
1904079.0
6087460.0
8705557.0
15529177
23890555
4579758.0
12855555
3350111.0
6101562.0
12506968
5363639.0
4259610.0
2784112.0
4367892.0
4176173.0
4325302.0
5723425.0
19673923
22224647
8849482.0
3282427.0
7297569.0
8871435.0
3290103.0
14750079
5206047.0
11358819
9902180.0
15872455
6920840.0
6403039.0
5265532.0
6171147.0
6265636.0
21074241
7699164.0
20952808
8871492.0
4790053.0
6803018.0
13401039
7160795.0
3661997.0
8244649.0
12221745
5459475.0
4581359.0
1.135159E+7
9583256.0
4346873.0
23422327
6696514.0
1701264.0
22241977
2.036757E+7
18091048
9887228.0
11473188
5226189.0
5097400.0
17235867
5901960.0
2200029.0
2200319.0
984801.0
6621301.0
16186994
6939140.0
20396529
4110000.0
2962196.0
8685460.0
19658578
10316826
1.149015E+7
1753173.0
14551322
5858477.0
10249118
12734915
11681648
1.221187E+7
8712498.0
16146579
1874528.0
7602017.0
1264605.0
3260063.0
5123949.0
7583417.0
15817983
13248151
20899988
7600847.0
12304782
2.066468E+7
12476008
9793464.0
8960404.0
11737164
6370797.0
3059712.0
1659439.0
4653077.0
2051792.0
18744579
17761026
3824418.0
1.917844E+7
11124124
10835581
16255843
2574358.0
7856523.0
5193339.0
4175236.0
12135479
8441511.0
2308890.0
8569530.0
2148601.0
24109548
11714565
4533238.0
3306495.0
18927239
10958913
6007836.0
10532255
10904319
1922696.0
10798499
3306895.0
4947900.0
3048736.0
11295967
10182751
14969386
7365674.0
4062131.0
4868733.0
3727776.0
16542393
15417282
8547085.0
8305983.0
6643071.0
18245705
3211141.0
3949558.0
11026026
7396258.0
7590411.0
1840317.0
11371256
3116983.0
4992165.0
1.093817E+7
14280356
18636856
12071597
9047382.0
9829226.0
8145825.0
18680275
9572069.0
4973975.0
1458384.0
14564856
2309712.0
4280625.0
5083546.0
7096983.0
13796037
11434384
13679481
7904760.0
11143595
6286860.0
7680066.0
1.927537E+7
15465468
6623665.0
7207523.0
7419479.0
2360897.0
3513051.0
7615264.0
2434226.0
5594556.0
15037831
1549641.0
8625254.0
9112009.0
2246005.0
14968523
5218939.0
13551293
7944144.0
7091772.0
8896078.0
2838144.0
7090053.0
9013129.0
6297699.0
15101273
12553454
14259228
14041116
6050554.0
2262929.0
1745408.0
2387759.0
1.421422E+7
16323058
8607249.0
18184463
16565439
13267443
4385735.0
13714395
9662731.0
3981852.0
12821865
1594718.0
2288250.0
14423841
6008124.0
6210396.0
13065494
11138556
7138377.0
4145045.0
4437730.0
4706193.0
15437878
10549689
12010703
3779681.0
1.118761E+7
12108369
8600879.0
4691801.0
2698309.0
8781915.0
18282839
21057105
8424078.0
7203078.0
2851826.0
7592807.0
5857425.0
14461204
4935404.0
5210774.0
7826774.0
3496403.0
4465312.0
11921369
3178982.0
2881776.0
5315813.0
8340812.0
3865104.0
20146901
11704878
2559141.0
16015339
2695910.0
2743701.0
2541736.0
14102242
1772718.0
9664981.0
2086689.0
14407884
6348717.0
5464651.0
12080141
5338306.0
15112401
17852574
6838369.0
7432054.0
7309182.0
4974327.0
5095960.0
14355566
6622643.0
5413086.0
2813886.0
3887614.0
3857016.0
3461283.0
5985814.0
4781767.0
8476441.0
16362812
13612531
12330084
1709865.0
10875866
14517407
5785133.0
9013210.0
9294982.0
10064575
7062273.0
5396586.0
3301584.0
17634845
5291707.0
8156663.0
14784928
1.334718E+7
21002251
17800411
18106526
2674877.0
3420699.0
2917705.0
4230666.0
6607939.0
4918358.0
4338549.0
10179906
3553898.0
7386342.0
6325653.0
2421952.0
10057501
2989069.0
21346243
10348115
2074666.0
16559675
12350011
5292289.0
17153672
13511203
3949256.0
1992554.0
9549825.0
14451822
7236467.0
2443911.0
3221164.0
4759605.0
1802555.0
20377648
2.561472E+7
1870907.0
4004157.0
7759478.0
9556194.0
2411673.0
15419751
4024974.0
5637984.0
4506003.0
12625294
3575574.0
4403994.0
6699303.0
6403716.0
16815599
8235077.0
1973323.0
4718028.0
10246078
6289576.0
21450271
2186738.0
10915288
6514232.0
1.670707E+7
19367951
3033983.0
2328057.0
2094455.0
10823364
2145430.0
16597536
3555614.0
5008041.0
2463163.0
8246424.0
10536632
2909723.0
7474597.0
10379767
15598991
4848352.0
8268776.0
6575870.0
7708506.0
10076788
2.160574E+7
8925773.0
5372771.0
4826356.0
15163304
2.379517E+7
3616754.0
11076533
1899285.0
5045894.0
16243815
12074298
5747996.0
11748043
9891978.0
5688209.0
6072628.0
5886269.0
9620881.0
5130528.0
6093220.0
12605871
11622013
17145625
2074849.0
16596613
13708499
8844235.0
8831346.0
4514116.0
11265603
2083118.0
2184616.0
5473510.0
8529427.0
5087196.0
7931377.0
4763098.0
5224447.0
6808024.0
2462059.0
4092557.0
25770366
4047427.0
7022856.0
7389768.0
7851905.0
15518388
4589240.0
9281308.0
2760764.0
1863372.0
3387351.0
6882981.0
4245225.0
6960726.0
5686728.0
13720305
12392028
2307759.0
4363765.0
6365849.0
6890610.0
6526530.0
6790986.0
1723248.0
3255858.0
1543631.0
2031473.0
12350052
20795441
10442928
8818607.0
10412732
2137862.0
8002730.0
7858015.0
9018415.0
13449411
4693970.0
6401953.0
3317357.0
2905803.0
2372947.0
13800084
18041906
19396098
6210477.0
15994801
14372991
12482752
2059486.0
2305453.0
8991014.0
6768967.0
9260058.0
4531503.0
2918823.0
7265835.0
5515771.0
19490039
24275999
5867293.0
5007154.0
4303070.0
9775615.0
13596889
10812308
12601016
2846442.0
9444319.0
16496276
2962808.0
10592826
4850409.0
3315155.0
4168181.0
11811072
6848539.0
3761160.0
13458562
1.510541E+7
15140009
7498316.0
5676395.0
7093969.0
1774286.0
2592620.0
7256707.0
7790000.0
6338508.0
3152728.0
2166200.0
18614714
9184424.0
2155019.0
5752791.0
13834282
21114527
18565255
10524676
5310350.0
6724666.0
5357176.0
6839999.0
5563714.0
3477399.0
5509729.0
3761545.0
23370433
9601177.0
6691992.0
5465556.0
8497794.0
19956642
3530547.0
5155655.0
4350358.0
6391147.0
3485994.0
3436400.0
7928017.0
9753140.0
11375546
5776474.0
4652180.0
1792462.0
2706968.0
1.499641E+7
4834533.0
4382696.0
6256179.0
17557319
9898694.0
11513946
3590888.0
1959925.0
9171750.0
5971479.0
3689659.0
3429508.0
6047089.0
8366373.0
7026757.0
4514089.0
19620807
14202701
14063867
19017854
3676800.0
14374563
8838948.0
2651060.0
9628859.0
5049919.0
18729674
12754084
7599835.0
20021351
16101834
9773268.0
6141152.0
11172347
10441404
2113588.0
23361217
9258287.0
5515441.0
2.418695E+7
3284479.0
7598942.0
14703542
13535025
1.135664E+7
14400155
7293145.0
7380566.0
3332870.0
7746392.0
9556971.0
13478547
14346472
3841697.0
2930275.0
15507452
8936525.0
21616604
4962471.0
6000521.0
6209261.0
11438307
6207463.0
8416666.0
9532921.0
5864347.0
11636779
6811677.0
6196620.0
5050209.0
7804898.0
4212000.0
17266816
1419417.0
22222344
10523859
5898953.0
1.105438E+7
1416082.0
5054675.0
3773949.0
9776336.0
9283999.0
2130540.0
1917151.0
2355878.0
2248310.0
16248014
11326005
9580051.0
9688599.0
10358722
12321314
5433980.0
8989006.0
14047872
2377376.0
16206586
7932783.0
2202991.0
6560888.0
14377656
6157643.0
20444664
4659517.0
4140439.0
3134763.0
13469642
1.638045E+7
9486719.0
2400633.0
3569544.0
6705487.0
3046037.0
1.410351E+7
2099185.0
2413590.0
1986464.0
1958325.0
24531183
21071249
7066656.0
21833847
10301595
17057654
16688996
5438826.0
14966897
6095652.0
16766888
11026248
12676113
4918623.0
4822421.0
9851894.0
5596741.0
8210513.0
6804677.0
3858918.0
1.695777E+7
6824702.0
7756252.0
22022487
7912185.0
7404214.0
13392088
15557932
6185958.0
1742019.0
5033266.0
2856626.0
5246131.0
24059812
7271023.0
1740397.0
7021391.0
5901550.0
3881835.0
8592126.0
1.384136E+7
5769826.0
5866926.0
12362961
12617945
7759779.0
3803196.0
5819433.0
3648840.0
7131246.0
14184616
2719392.0
4734714.0
4417728.0
3840218.0
4783051.0
4055771.0
1805825.0
4768859.0
18737172
4050839.0
3167157.0
12173841
10403348
10262652
5556645.0
1.21543E+7
13397114
9562154.0
4200449.0
3652359.0
2312609.0
2570064.0
13727108
4716658.0
8415249.0
5605276.0
10752208
16700388
7191053.0
15578463
7035882.0
15602903
8621967.0
6454141.0
6685722.0
2877487.0
9116024.0
22050218
11115088
5489814.0
1916062.0
12284324
5839517.0
3782348.0
4021911.0
7474383.0
12495101
2219355.0
3605668.0
1805900.0
1982749.0
7516972.0
4753272.0
6885711.0
2596159.0
5231734.0
3056826.0
10489056
2449015.0
11484349
8324028.0
4581293.0
10989058
20424692
22621122
9407873.0
11871236
1.707847E+7
10120428
5367379.0
14109267
6251642.0
7715949.0
11129701
17420056
20271849
21703822
2113485.0
6863618.0
7798527.0
7245698.0
14279974
13534569
4705313.0
17314452
8555608.0
3065873.0
5269181.0
7211211.0
1916640.0
13215674
7847770.0
3046211.0
21299199
16236745
7834696.0
10280758
1785441.0
1448397.0
11543599
6879073.0
5203976.0
4504680.0
6242414.0
5890703.0
9731007.0
8412329.0
1582938.0
4981835.0
14985006
6541395.0
2390011.0
3794344.0
13141816
1.492485E+7
15571697
2.139641E+7
4621694.0
15317699
15401642
21278727
1898763.0
4702838.0
14520599
10254069
6209175.0
2944329.0
3229961.0
5520555.0
5927519.0
7514189.0
9832557.0
24263144
10119619
8857699.0
3582500.0
12846792
4725827.0
4161167.0
3028518.0
1.312645E+7
5210619.0
7893525.0
9515048.0
7582941.0
17309143
8690672.0
8006438.0
2627604.0
15969302
9700870.0
22192161
2.157718E+7
3823098.0
5509105.0
5384535.0
9025723.0
1415844.0
3594447.0
4966352.0
10760624
22992507
9247251.0
1.562836E+7
3168149.0
7819038.0
14087697
5460891.0
14008321
7384265.0
5205474.0
10602449
9607269.0
6901113.0
3130268.0
9408584.0
8444929.0
13396926
16975596
10430122
4546626.0
9717648.0
18958421
2817666.0
17422778
7556661.0
13170074
11448332
2270791.0
3802126.0
11804746
1.393033E+7
4803589.0
2375191.0
1.201011E+7
2431313.0
3243216.0
15939228
10464525
4097599.0
3848991.0
6100398.0
7249779.0
19798352
2971393.0
1459926.0
2670182.0
9883883.0
9107113.0
7059811.0
4893374.0
4978475.0
5985499.0
21383826
19610438
3101353.0
3848383.0
9866023.0
11297115
10637189
4474738.0
2825934.0
7484032.0
11705026
3235842.0
4203482.0
9549826.0
4777007.0
7266218.0
5205019.0
19535434
16406422
2424890.0
11954531
5246095.0
1.237542E+7
4980414.0
8627275.0
8032063.0
5261770.0
1708958.0
6822178.0
7009118.0
2210983.0
9429858.0
815556.0
7176229.0
13752789
3460728.0
2367992.0
11304963
11450501
18272466
4195495.0
14373446
6632670.0
14652748
9173763.0
4191831.0
11527848
3401653.0
18960565
8718995.0
3818758.0
6989814.0
16790766
21259503
3152763.0
22559527
11476172
16961893
9888934.0
9327188.0
4329462.0
1.003439E+7
6239685.0
12342191
6076006.0
2998186.0
6922784.0
2987414.0
16895274
5102044.0
1129109.0
18243301
8417788.0
9886243.0
9888210.0
12470046
6869840.0
8872668.0
3574014.0
11131499
5956452.0
1652892.0
5673924.0
4245449.0
12169159
16956864
26112899
1.265707E+7
7401666.0
19984327
19100144
20004395
6564281.0
10445859
16712624
3577317.0
6063327.0
7950322.0
4141545.0
5272042.0
13020562
9587788.0
7899777.0
2074884.0
13713971
14442204
2503918.0
2314590.0
12623188
8282322.0
8993265.0
8387365.0
7133379.0
1803358.0
9335795.0
7148556.0
15438807
24364521
2908527.0
4505248.0
18458687
10473534
9301449.0
7777884.0
6681262.0
10501654
13213333
8117329.0
3486170.0
3301509.0
9282854.0
5199526.0
7419053.0
5574649.0
2317000.0
2547003.0
19530247
14291897
22387101
9024273.0
2715795.0
8784786.0
13158971
5044816.0
7615639.0
4863822.0
7911244.0
11467395
5545531.0
1.353133E+7
2225511.0
1879294.0
3860815.0
10274391
6488906.0
2202815.0
2719418.0
18044797
3097854.0
18087579
15854678
4403420.0
5947198.0
8320006.0
8432021.0
3072557.0
2494078.0
2781047.0
6310042.0
2197579.0
5647839.0
8366099.0
1.797419E+7
8954715.0
27649097
11784429
15937731
12070133
8610032.0
2298486.0
4521212.0
5339890.0
1.569494E+7
1.157448E+7
9593471.0
3401769.0
3816399.0
2755724.0
4857752.0
21777224
5909338.0
8190859.0
4376828.0
5649693.0
9296598.0
3519107.0
11389649
8084898.0
7850535.0
13374279
8423930.0
8448206.0
5110172.0
1708704.0
12358896
15652015
1689931.0
6451343.0
8782701.0
9208164.0
3244657.0
18504605
7516938.0
5957795.0
4216935.0
8947588.0
11179492
3974011.0
14050135
4079759.0
5697339.0
6189868.0
1.017678E+7
8426977.0
18374605
4883550.0
4418954.0
21963785
3055363.0
15537939
21771034
10413759
8211521.0
5108038.0
4721110.0
10228872
4343761.0
21669261
10642605
6132124.0
2.262558E+7
4270334.0
15444449
21746631
8320490.0
13227415
1895821.0
3863818.0
2323635.0
1.103533E+7
11400797
11049875
7632951.0
5430663.0
6143282.0
8185388.0
17632143
2072195.0
2231895.0
2760953.0
13244615
12033377
6509918.0
9708197.0
13538496
8184274.0
10280078
11758087
7600852.0
5801912.0
10406536
10104572
22483456
14058943
2418121.0
12037423
6012769.0
2971470.0
18372491
21039587
17322381
7001308.0
17615919
1761255.0
7375774.0
18223733
22819574
10110935
5011532.0
5291903.0
17404417
2385673.0
1643066.0
2622573.0
3704583.0
6478059.0
8010091.0
7770272.0
24306472
8105523.0
14309035
3404734.0
22608615
13369966
11862942
2523337.0
5761349.0
2943503.0
1453765.0
26956286
5618594.0
7660582.0
7511813.0
19955466
10733221
7970447.0
7035221.0
6452263.0
18447694
17133225
4427945.0
5758018.0
2924296.0
7070045.0
7738944.0
7940288.0
6860746.0
3590315.0
18280018
1.162621E+7
4618027.0
5626756.0
13843741
16189379
8019067.0
9753614.0
10140154
5503679.0
5457425.0
8868424.0
8227555.0
7449552.0
9428441.0
3768616.0
14425849
3547728.0
6219100.0
17424195
12504396
2.156901E+7
13555645
17950387
6084645.0
5453603.0
6100624.0
4094347.0
11853142
4290559.0
7667046.0
7099875.0
8236335.0
23353499
2560583.0
2367228.0
2863229.0
4959391.0
13225631
3145903.0
6255744.0
13192908
18460084
10088289
7590920.0
4690076.0
1.079204E+7
9195227.0
28690001
4406697.0
5306041.0
3063564.0
13090429
18008339
20153348
17767955
5665236.0
6743776.0
13518622
2691695.0
5735835.0
12265432
3490790.0
4449524.0
4704725.0
2426494.0
1512563.0
4949721.0
9293962.0
7681814.0
5701589.0
15397728
6453055.0
14313646
4982344.0
10146492
9263118.0
11064691
7654597.0
4849390.0
3815386.0
3693402.0
1258062.0
6265029.0
4028270.0
4736293.0
1.165225E+7
10511616
2563711.0
15417414
2163024.0
1771015.0
9930908.0
8328599.0
24145008
1.380609E+7
7259929.0
7207016.0
2876362.0
3778780.0
1664652.0
4234543.0
6969609.0
9074997.0
15014992
9619697.0
1359061.0
18437508
9656717.0
2668653.0
1.51831E+7
3706956.0
8752505.0
4318661.0
1.055371E+7
14835375
6584020.0
10046302
8689800.0
12793111
1754866.0
3567552.0
4700271.0
3565482.0
17027498
14094043
19958987
6562240.0
10172344
4730702.0
15448081
8906081.0
2260126.0
6500005.0
13541746
9071907.0
1541181.0
4521934.0
7458795.0
5773857.0
6193128.0
5107891.0
11218741
11634359
13506436
16037151
2597598.0
9297419.0
10625669
5126108.0
7491286.0
16498196
8624434.0
6847507.0
5576316.0
6606739.0
8396881.0
3941522.0
1869174.0
2.302808E+7
9928627.0
22275412
11278134
16944929
5976487.0
5327125.0
17258853
4691749.0
7688770.0
4846678.0
4835363.0
4433215.0
4895343.0
6778420.0
16431091
12568325
7034758.0
8621511.0
7386421.0
1.096726E+7
3790834.0
9712993.0
6738079.0
10208283
2050423.0
6674261.0
13332244
3882157.0
914802.0
1729646.0
7679559.0
3161887.0
5593884.0
2693682.0
24954478
4815001.0
17700231
7282815.0
13805789
2414556.0
4331797.0
2819921.0
10348118
10619774
6669974.0
2.809615E+7
4307651.0
1502803.0
6091835.0
15650227
16817445
3448284.0
9059257.0
1835006.0
9036484.0
7138576.0
11587575
4967640.0
14856003
12222938
3107327.0
9081539.0
9287151.0
1864373.0
2737257.0
10410508
1391059.0
1349353.0
1.551019E+7
13629281
16801473
3783199.0
3385538.0
8727199.0
4098136.0
11444779
1656181.0
1.330958E+7
2210830.0
3046528.0
7194515.0
17473433
2404989.0
11723011
3308923.0
6816647.0
12625014
21785032
10721801
17653727
2739312.0
6572277.0
5973597.0
1758547.0
15550883
3495964.0
2974349.0
4517319.0
10474962
4418356.0
15380613
4114479.0
2.602073E+7
2949584.0
11549444
7761258.0
14485419
4636495.0
6673528.0
4939469.0
17792776
1863422.0
6854014.0
11998382
5546498.0
2158737.0
9486062.0
8288144.0
1.013498E+7
5836710.0
20560323
6814077.0
2714332.0
19420382
1.118426E+7
9099730.0
15333065
4900382.0
1871068.0
2073887.0
11783306
12321368
7779702.0
4246742.0
7235268.0
9145487.0
15713966
2239062.0
4139234.0
9318145.0
4479789.0
8517917.0
4760850.0
6014037.0
6645771.0
3405530.0
3554046.0
12070619
18458776
12709716
3740342.0
5396046.0
4817456.0
7581844.0
21394979
10656298
1.065543E+7
4961370.0
13634871
2772915.0
7914274.0
4573983.0
9616338.0
2368892.0
9869527.0
8122077.0
5768647.0
3958530.0
15509607
7377043.0
1.47251E+7
6651598.0
15156585
11046377
3603982.0
2699632.0
10034233
2657854.0
4460909.0
3369206.0
9311904.0
2288308.0
6817534.0
9914767.0
6306497.0
1807220.0
6979694.0
1019057.0
3436601.0
5082067.0
3490416.0
13166194
1253214.0
11952229
5801128.0
4875232.0
8381632.0
6694934.0
4996731.0
7031836.0
1701165.0
5002533.0
9282242.0
4103460.0
10535974
2628196.0
22161978
19435398
1.190296E+7
12370604
8058511.0
6972576.0
3960279.0
9454145.0
1900587.0
13209496
1599435.0
5554721.0
11360702
5922794.0
12265899
1691082.0
2286382.0
9659937.0
16727568
10330725
1.705976E+7
2839531.0
6017704.0
7084987.0
6400134.0
8985171.0
3525313.0
3317323.0
3290158.0
6390410.0
2575450.0
2301525.0
2906629.0
23864433
2536803.0
11109171
13973023
3524682.0
3557642.0
10426696
4574471.0
15177167
3862188.0
3843038.0
4501996.0
10613944
3489898.0
17324493
3027027.0
4501604.0
4511651.0
13522158
9321857.0
9937122.0
13910203
11474797
15750321
9837747.0
5566865.0
7112272.0
5259732.0
4804736.0
6360386.0
12405316
5236061.0
1667242.0
15128041
13956653
24987183
13357792
6854852.0
6435166.0
2610883.0
20085139
7457947.0
1.085121E+7
3117062.0
11377094
3616933.0
2448219.0
4549348.0
3183495.0
4600794.0
10149968
5378388.0
14564379
1.071056E+7
8455767.0
10546901
18849251
9833449.0
1979248.0
7118116.0
13569752
4276621.0
3054091.0
3783413.0
4859432.0
7904295.0
15127987
24103792
14668708
13163488
3623432.0
2272688.0
8122243.0
14593907
11520524
6642053.0
16804671
3675304.0
5214849.0
17031225
3620979.0
2504968.0
8130613.0
2235828.0
2404475.0
6508948.0
9731917.0
5546743.0
1916932.0
10415635
1.555691E+7
8675393.0
15341429
3598945.0
2254333.0
3003379.0
3606870.0
1676661.0
9980103.0
13796025
10567109
3017994.0
5698507.0
6632577.0
5122487.0
1.518658E+7
19059217
14852074
18956869
5628882.0
7353452.0
13532351
3853899.0
7979962.0
2682242.0
14235381
1.244189E+7
4920079.0
8850291.0
5382563.0
3526033.0
3437290.0
14783631
17868666
13607191
1.853251E+7
10419119
9295158.0
4099770.0
11457189
4703901.0
13642285
5798236.0
1901066.0
1359189.0
6102289.0
7294976.0
13772966
20849722
7488145.0
3040442.0
8951910.0
13268404
16918284
4450850.0
3225979.0
12262621
2662719.0
11465131
9809713.0
4114265.0
11497766
5305129.0
17033559
20820839
9610503.0
6734010.0
9579179.0
17945676
8216297.0
13586907
10988373
9516146.0
6572304.0
2464408.0
2563783.0
10840563
1328298.0
2323035.0
30746717
16348273
9969810.0
7368649.0
3820927.0
13429809
11690919
5045121.0
1829062.0
9031721.0
11279257
3216982.0
3429846.0
7422565.0
2935141.0
4552102.0
22550877
12266993
3081396.0
4791056.0
16441149
17025452
21404643
10082342
1.034668E+7
14911669
3129909.0
5337912.0
4999062.0
15792461
5332548.0
18341109
6520046.0
2145373.0
6873583.0
3439906.0
8767851.0
8014834.0
7418809.0
5813290.0
7071584.0
15374981
5144866.0
21884939
7913442.0
20566555
11126402
14253842
14476012
10838485
7479639.0
5779015.0
2692408.0
3175654.0
4006525.0
5993645.0
2310709.0
18308217
2565361.0
5632654.0
8742719.0
5313652.0
12254222
9816501.0
6016932.0
3844770.0
7567388.0
16183192
3611493.0
2808160.0
2380825.0
6942180.0
3095624.0
9988145.0
7716948.0
8286988.0
8079990.0
15183261
12065821
2051331.0
8815163.0
2877037.0
7989042.0
13211788
6451981.0
7544748.0
2978677.0
4231408.0
21576865
2106680.0
7511373.0
2950258.0
24327389
17489324
5234380.0
3568722.0
2287991.0
19957399
19931135
3266019.0
1.370826E+7
4263972.0
13069815
16954012
4435111.0
1803371.0
1812449.0
3443057.0
2135000.0
14365187
6515162.0
7424423.0
1.057513E+7
9200702.0
2287643.0
7121631.0
2644230.0
6532779.0
8749051.0
9583090.0
3494379.0
20291876
7319709.0
9426870.0
3051940.0
15975049
1456216.0
21498812
9103939.0
6137073.0
8627467.0
23068192
9108639.0
8390564.0
8561604.0
10893694
7038215.0
1995248.0
6196411.0
2561078.0
2429754.0
11206899
7644628.0
22965349
5448533.0
1.527853E+7
2234884.0
2899455.0
8178434.0
5310891.0
7039804.0
9275349.0
7604307.0
1563157.0
6953294.0
8977295.0
3035484.0
2295411.0
1744993.0
6596066.0
7875624.0
5770046.0
21052208
15453096
18533942
16415618
2166973.0
11698706
7087215.0
11097428
5158522.0
1875233.0
3823906.0
14225643
2543706.0
7294381.0
1.604973E+7
3895265.0
2865134.0
4095536.0
2802290.0
1.4064E+7
12852762
4857343.0
11971523
5829927.0
15824143
11145698
6151729.0
4056738.0
13954636
4188398.0
4309377.0
9566725.0
2406909.0
12658796
17009352
6351147.0
3035905.0
2033417.0
14659257
2814016.0
2863205.0
1.571982E+7
5052479.0
8916305.0
4562925.0
10166188
12830182
23010737
3630194.0
18467969
15431602
5495514.0
17964488
18521945
8405533.0
14026548
2449942.0
5952777.0
5253185.0
9409479.0
7958165.0
7490863.0
1428086.0
5078274.0
6374262.0
3549324.0
2175922.0
2820301.0
8627517.0
16573739
11007678
9958155.0
4942676.0
9330784.0
2277553.0
6622366.0
8005436.0
4370061.0
11877258
17856346
4518461.0
1393609.0
13925997
9256270.0
1.387187E+7
17868947
14944348
12371704
16286862
5667212.0
9207788.0
5876266.0
11087022
17634923
2157316.0
1667988.0
2537307.0
6999845.0
14379876
2783772.0
10575902
21187112
4719169.0
18092565
12836916
13781048
1832646.0
6737237.0
8324894.0
7378583.0
2970462.0
2451197.0
1495660.0
1893302.0
10991555
14461856
14403478
5844911.0
12346365
13791324
17211976
8611799.0
10883609
7354298.0
10551946
11103679
4556143.0
4392746.0
11037366
14764224
8453989.0
4739766.0
13491749
8305711.0
3676378.0
19397776
8074239.0
2593843.0
3558808.0
9448517.0
14954888
19519736
3968677.0
13934736
5165409.0
16293707
4810420.0
2021559.0
9535861.0
6956579.0
4357757.0
7443783.0
3832070.0
7823251.0
22601897
11821067
6774079.0
2965760.0
14354634
1.256411E+7
1.759446E+7
23411642
12285618
1808239.0
10033908
6255998.0
4687967.0
2956254.0
5931631.0
10895021
2340309.0
18025302
22679164
7658845.0
2918899.0
4889477.0
4301069.0
20963745
10155307
2887177.0
8228779.0
5398011.0
6611127.0
8102875.0
3729584.0
5632219.0
4878495.0
18298998
6147582.0
18941235
1.796707E+7
16574933
7462101.0
13225344
4041238.0
5269124.0
20019896
1.686556E+7
6886364.0
11357746
5593792.0
5659152.0
26161292
23234562
14360477
3677942.0
4578772.0
2779944.0
11185858
19400793
8213475.0
12651059
2536716.0
9624072.0
1744801.0
3057138.0
4114392.0
2137958.0
16755221
9564712.0
8426458.0
1784116.0
8582579.0
17787316
6008805.0
13539842
7569605.0
18652238
5325199.0
14027267
8155615.0
1850267.0
8330602.0
7965590.0
17124561
22982973
7402938.0
3715119.0
23637457
9462058.0
20795078
9443069.0
10675926
5082497.0
6776589.0
13640692
10390189
7596660.0
4944120.0
4514757.0
9947482.0
3208429.0
13478756
15411878
4300446.0
3992069.0
6315583.0
5732138.0
14973825
10320496
2561491.0
10981211
3203828.0
2694765.0
15720213
7315787.0
1788653.0
6334471.0
14553465
3517019.0
4088968.0
1664743.0
11760596
10090601
10526023
2436303.0
9095501.0
11821859
2661415.0
6396023.0
7428541.0
21657859
6980813.0
9792782.0
11549786
4758783.0
4938434.0
6801213.0
5310558.0
8480269.0
8031600.0
5955281.0
6116669.0
2018707.0
3903846.0
3203307.0
12978081
20536801
8427314.0
15790259
2734499.0
6053388.0
6725869.0
868302.0
4578600.0
10645558
26200003
13116768
1831081.0
2795433.0
15312443
17987204
10970781
7486617.0
6316199.0
11443546
14975614
16533357
6299059.0
4913556.0
17229708
4511416.0
4276609.0
6383859.0
4096048.0
10637277
19113608
3901415.0
21768578
5763003.0
6236869.0
4243527.0
14140729
9332013.0
1873248.0
6014661.0
5410973.0
11204065
2010209.0
4906366.0
2892361.0
6669814.0
1982432.0
17015839
9363375.0
22872458
5951406.0
1.64104E+7
9108303.0
15790899
1.360469E+7
2543734.0
3770655.0
4190405.0
6808375.0
1.047965E+7
3601044.0
11054717
6978737.0
25660076
2993701.0
6528052.0
1827031.0
3055440.0
9143960.0
8479948.0
11595099
9757685.0
2264060.0
6332437.0
9636042.0
4400050.0
7175862.0
2973468.0
5382360.0
7902730.0
7470440.0
15464504
7969197.0
17833342
3383936.0
4364658.0
25226404
21542154
17091608
25101554
8635554.0
12416779
13563546
10958756
1.194016E+7
11643708
3594538.0
8921231.0
11468053
2444950.0
2221577.0
2696459.0
19481417
3192103.0
3169592.0
2050011.0
3985226.0
8585856.0
6380093.0
11048993
10645466
1.040409E+7
15050161
2261146.0
2525151.0
7477489.0
6066695.0
5504662.0
15578594
12357523
4682066.0
11859008
3915474.0
11316853
8564966.0
5096982.0
11542176
11913159
11406907
8513761.0
3622224.0
5125948.0
11837967
8100092.0
1.908678E+7
8894778.0
15426932
5018351.0
4171903.0
2080040.0
6701722.0
14934367
14484142
8625707.0
1.597344E+7
13848838
8943185.0
5003702.0
7227747.0
11318037
20828079
16367845
3676647.0
1297723.0
18005741
7772110.0
8995988.0
14909871
2690340.0
3331274.0
9273347.0
14181194
1.286897E+7
6221023.0
7396671.0
4438359.0
25734844
5773342.0
8688377.0
1.136948E+7
14410845
7565014.0
4720252.0
14218265
7660486.0
5052429.0
6996011.0
14172975
2251764.0
7268169.0
4867413.0
9375650.0
4023498.0
10859669
7934024.0
2516808.0
21996426
9835878.0
1.299826E+7
12650989
10808436
4282541.0
4488261.0
6418780.0
5116963.0
3088511.0
3952617.0
2293316.0
2889767.0
15975041
2200745.0
3031661.0
2478266.0
13987454
23369162
8733419.0
10503341
2877178.0
1.368597E+7
3401197.0
6404027.0
8649684.0
8408595.0
4233093.0
2646449.0
2.491622E+7
4820172.0
3035543.0
2561170.0
6286185.0
8397209.0
18820107
3380600.0
13367213
12556414
2811195.0
4428662.0
2467617.0
11068731
1361200.0
4845836.0
12153278
5239324.0
2120938.0
8842819.0
1.613698E+7
21666495
15158837
15063565
15161694
3205449.0
13075472
7651531.0
2721412.0
5580744.0
2636350.0
2481927.0
3741823.0
3647536.0
3914626.0
7114442.0
17440949
25586537
4788385.0
6751314.0
3650000.0
1.300716E+7
14830777
4548451.0
9735449.0
14842546
5562182.0
7220671.0
15189215
9938084.0
1447683.0
20217563
12878562
22030701
9293639.0
1.207892E+7
6189751.0
13663572
11772718
11214826
9478329.0
12876495
9709506.0
2408810.0
2648699.0
10257937
10227674
7029853.0
24939638
3821181.0
1374803.0
6397287.0
7920785.0
22244799
7030938.0
11948988
8599229.0
4889067.0
10605747
4050296.0
3016214.0
10809181
4463975.0
8104011.0
6224004.0
1969625.0
18364439
11469485
15421158
12502661
16583711
16004456
10360277
5516835.0
8593504.0
7319059.0
5402014.0
5938675.0
7033588.0
1843905.0
20758613
2926849.0
1705247.0
11052887
8180737.0
4432551.0
14038661
1917372.0
2056159.0
11262785
13774468
6027903.0
5304329.0
13273916
3146841.0
29637455
1806052.0
3574300.0
4579063.0
13644683
10267522
1.332024E+7
7019340.0
18372256
17228461
3766230.0
10166643
11340335
4108927.0
19862258
18261805
2509293.0
5302337.0
14430508
2903206.0
6857975.0
2717913.0
8080848.0
5695173.0
20460305
16501456
1.995831E+7
11563981
1849963.0
4756920.0
10462494
16638913
3109065.0
11435491
3493888.0
6882178.0
6101334.0
4191180.0
3274467.0
9823360.0
12363024
19005597
2668836.0
5756148.0
8507478.0
15098757
22169257
7906295.0
7074388.0
17119389
11710562
6567712.0
3909275.0
9946639.0
12785808
8240776.0
10630416
24254152
2283288.0
4993050.0
11808218
15632273
5219275.0
7839299.0
17596898
4552567.0
11367632
4699639.0
8979117.0
1618812.0
9186870.0
9449924.0
7142499.0
3006680.0
3264758.0
3763856.0
6800371.0
2791081.0
18810377
14705041
2948076.0
5621101.0
1.797118E+7
7394746.0
7457229.0
1.176286E+7
9074209.0
1.597955E+7
3379423.0
5348345.0
3276212.0
7009870.0
17880971
3413986.0
11310656
7788742.0
3142968.0
1.453277E+7
8181258.0
6344797.0
2857461.0
1.364131E+7
4280723.0
11955157
10148868
6105948.0
6395490.0
6028790.0
5797528.0
3626427.0
4478269.0
15300346
15508904
11448935
7481144.0
20295196
3381583.0
4041954.0
3730851.0
10306147
3103615.0
2361429.0
2670981.0
6460660.0
12154562
24738099
4716356.0
4947111.0
3640673.0
15161539
6694029.0
13751264
12098203
6196355.0
13806135
7124644.0
4709936.0
13442719
11268757
16732328
3054570.0
2952180.0
7524473.0
8993648.0
5101151.0
1844157.0
6153427.0
7924962.0
2.230601E+7
3161860.0
11299048
4589548.0
5877029.0
2691910.0
7785859.0
11620361
2360066.0
2162601.0
14617476
10212594
1978745.0
26684423
4398854.0
6713439.0
21276434
5822966.0
22237223
22047372
13912395
8757894.0
7444691.0
16663379
3329081.0
12034924
3980895.0
11209914
1565919.0
4151943.0
12863459
1719792.0
3244398.0
17077424
7822606.0
15741332
6207777.0
2333917.0
15843103
16078394
2709924.0
4979403.0
4830272.0
10279169
2830825.0
9537079.0
9343224.0
8690023.0
3109995.0
5765378.0
8830934.0
28188302
5321841.0
20117454
8501553.0
2.296686E+7
8468617.0
5910839.0
4379766.0
16131264
1952712.0
3382725.0
7495466.0
3653524.0
4488993.0
6680958.0
7128207.0
4410540.0
1764676.0
5797921.0
7327787.0
1.25747E+7
9464092.0
8419065.0
6559990.0
11567636
9626836.0
8889558.0
1982012.0
7981638.0
25223009
22062832
4353315.0
3662705.0
14816061
11174267
3530941.0
3738697.0
10430385
1.724827E+7
16930244
16718348
1.099871E+7
6494262.0
9548014.0
9754396.0
3887838.0
2655463.0
5702193.0
11097943
1749093.0
15956457
7169973.0
15111149
10481565
7780458.0
3832194.0
5724694.0
3776404.0
3805794.0
2301727.0
14375573
1843026.0
19917754
2957690.0
5768897.0
1388626.0
6726157.0
5118886.0
3716774.0
2808218.0
18514224
4662306.0
7339627.0
5098654.0
16069497
10897988
9099654.0
2828226.0
17582188
2027360.0
2259185.0
2518666.0
1631211.0
3025937.0
7170303.0
7937263.0
9674537.0
2008044.0
6928008.0
1.761946E+7
7134626.0
4493134.0
12923197
4063947.0
1.220688E+7
1.687878E+7
13076812
9224700.0
8120257.0
4198932.0
13911168
2537227.0
1.124365E+7
9074787.0
1798117.0
19735244
10961751
16811496
17144179
1.308882E+7
14493343
24075835
5957419.0
4678370.0
8773934.0
8106751.0
2985819.0
4504924.0
3671756.0
4503312.0
5324217.0
1977172.0
17553672
2.207999E+7
1.548308E+7
3872965.0
4669198.0
1.413643E+7
6627280.0
7973497.0
9419454.0
3018125.0
13846747
3042980.0
3557718.0
1740354.0
2977139.0
11876367
16660177
6437101.0
4200511.0
9827437.0
10514812
15460153
6976789.0
3086866.0
7429731.0
13858542
5803140.0
1691227.0
2165421.0
2121868.0
9295336.0
20811888
2417674.0
15026631
8895941.0
4476075.0
8227226.0
12892842
19674304
4624312.0
9300151.0
15301908
11222685
5300876.0
5740698.0
11547079
3717194.0
20335241
4807291.0
6344957.0
6077259.0
3587102.0
15767371
2.004243E+7
9567664.0
14735658
6837084.0
3329209.0
10375751
9660047.0
6173603.0
8833267.0
12593519
6528059.0
12175518
4117306.0
1.263155E+7
23766967
7432821.0
4954620.0
7829897.0
14064268
18378399
14463844
5381646.0
10494591
13419042
5017283.0
4651463.0
2078718.0
9638034.0
9784483.0
3662834.0
4067778.0
2721921.0
4299717.0
2539964.0
17102183
8412351.0
4809909.0
3621844.0
11097012
6744583.0
15658256
7965987.0
10041431
4531852.0
3935280.0
3775840.0
2582307.0
18660035
5315433.0
1769763.0
9000484.0
2625697.0
8260054.0
4955883.0
3539672.0
8251840.0
8452552.0
18294919
4711351.0
1707624.0
4947275.0
12735238
1663064.0
8691590.0
7968925.0
4125814.0
4232154.0
1.368718E+7
9777920.0
6571621.0
8598676.0
2559091.0
5497914.0
8617262.0
6853682.0
3586793.0
9135920.0
7857503.0
2.442659E+7
2542883.0
1989857.0
2627079.0
5190883.0
19988283
11523635
3243483.0
5466082.0
14960247
4383079.0
1778263.0
10612102
2165028.0
8855015.0
12137376
1733340.0
5806899.0
10659245
8215658.0
21367317
13893245
18783223
3649349.0
17377639
6115343.0
1.553186E+7
11126022
14273005
8302079.0
7992763.0
2847979.0
3348030.0
3193494.0
5301987.0
4835185.0
2.859241E+7
11686053
3320750.0
6887781.0
8531629.0
5527194.0
19662484
3491891.0
1.482337E+7
14873629
4554700.0
13194718
7040302.0
4357353.0
1995603.0
2211809.0
14295331
7740079.0
24175789
21832876
19109876
3439992.0
13458566
2686169.0
11503822
7861897.0
1.239574E+7
8951973.0
2841620.0
2880303.0
4477657.0
2359154.0
4821813.0
5088161.0
9069777.0
2800624.0
3058013.0
8497512.0
8226856.0
3099116.0
5697106.0
2298649.0
7639063.0
18396698
4107682.0
5234858.0
3943041.0
11725729
7999979.0
7968126.0
10611569
2868376.0
1801872.0
11713984
5378396.0
1188114.0
4102204.0
1.170771E+7
20493665
4968873.0
3251052.0
4848264.0
16844479
2468916.0
14736656
3459961.0
7560732.0
12552373
3671070.0
7656402.0
10657832
5153489.0
8646806.0
17640761
1561939.0
19395323
13388873
2144501.0
3150675.0
15491762
5819517.0
5652067.0
6309142.0
7750538.0
2015496.0
5466574.0
5002685.0
2412538.0
14028352
11312538
2897612.0
12577964
12257506
4559693.0
2664097.0
2880811.0
13865935
8581837.0
1967571.0
3153822.0
6486209.0
7608100.0
4392767.0
9996783.0
6605574.0
2123030.0
3376409.0
1762680.0
21351314
2669753.0
12182305
19805158
11659095
4215519.0
5749890.0
9635302.0
2531855.0
3654452.0
5051258.0
3584319.0
13964593
9417661.0
7123723.0
5937623.0
17180987
13095387
5874678.0
9731323.0
2363645.0
12319942
2074191.0
9677392.0
2377952.0
4694322.0
3115849.0
7929537.0
3010792.0
3499915.0
2122779.0
5510195.0
1.783473E+7
21123311
8790964.0
4651728.0
10506019
13521818
15386394
7127533.0
13789071
10952546
12713635
2493472.0
5013685.0
1981109.0
7844262.0
6190946.0
23226738
13275514
4288233.0
5179881.0
6100056.0
7392557.0
6472130.0
3823055.0
9759264.0
11331707
8484538.0
9933505.0
11690321
1891737.0
4673243.0
4384936.0
2024373.0
3826416.0
1.217832E+7
7887879.0
16028534
6080059.0
3203058.0
12433371
13678048
15211525
