4.136789851075565
3.373629463030643
3.8115981486523274
2.2706630336058122
2.249212775528565
4.856895056374675
10.22494887525563
5.085598256366312
4.013801844940497
1.5868817773075905
6.3782084321204024
6.867131411923842
6.760370854629739
3.611194703581102
5.1371462374295565
2.4189646831156266
5.173099880620776
3.522307950352232
4.856441455865089
1.5752165922814385
2.134319863403529
1.9526165061181984
4.691584191595364
3.546150767399468
6.196322886798962
4.092304194611798
4.475159733994004
8.694382644356171
3.429616645072784
2.6618499857400892
4.36971596846205
2.900305966343702
3.234750462107208
2.952159870811465
7.227538923010994
7.942752398572438
2.807862013638187
2.648305084745762
9.443190007206349
2.780352177942539
2.1191251040641794
4.263382283278068
5.547617046314197
3.81586028080818
4.920913884007031
2.7500229168576404
3.0868431883660308
2.9851286319065022
2.809364548494983
9.479956663055257
2.8081436164878144
2.668021852369458
3.4273251285246924
2.704791344667697
2.1512536174353984
1.6291951775822744
7.261653783087372
3.852619781451386
2.954923977864934
4.012036108324975
3.7971479200067497
3.6307053941908713
1.648351648351648
4.154601535943599
3.6232849340615423
3.5898428563886893
3.42163927627145
2.9895366218236177
2.898850812713532
13.633344420641
4.89681706890521
3.770028275212064
6.431319987893984
3.6001894836570347
2.6630764450888424
2.1839510794958192
3.1508743676370194
3.0509508796908373
2.6424234798200636
4.270132281271757
6.304034582132567
1.6362148895554947
3.515281710770433
3.4051788654393067
3.0496148883762757
2.612833991726026
2.775636083269083
1.7155601303825696
5.863339096444413
3.0439194086099435
2.7249306381292104
4.114815830818725
3.540360105199271
1.8251505749224313
4.358863821430283
5.236599066933256
3.28186140446838
3.8206004793116963
2.1462297896694804
3.594995019920317
