47.16981132075436
3.200341369746106
5.054446798230943
2.378525314305131
7.030926887551119
5.1992593335826545
2.6679170843708566
5.119851058878286
7.353535353535357
7.489234225800413
3.3980332595376628
3.0016008537886867
7.747933884297525
3.4446464453162378
1.881467544684854
2.357563850687623
7.082867532215947
3.9154941697861547
4.806168796873351
2.759704962451287
7.244421839410898
9.304948540814886
5.579228304632392
8.240729179672867
3.6385287112992852
2.8103984743551136
4.977301318164417
3.7466547725245314
4.085725959217027
2.295684113865932
5.742925759632449
4.489470151825717
2.516426674122746
7.66501505073805
2.5148094333296083
6.281020234737739
1.6942315449778138
3.06594570488879
5.530053854772835
1.5007503751875937
4.114772416637491
2.318213430183139
5.556236466887281
2.825923134890731
2.8943560057887123
2.8973843058350104
4.278176546085468
2.6875699888017914
1.8099547511312217
6.165311653116532
3.533910819236254
5.5495606597811005
5.423475083730843
10.772372034077298
1.707455890722823
9.106776959854296
2.4615721240632347
5.400216008640348
3.079258240903746
3.125236760360634
5.437878709410119
12.581431199960225
2.1867483052700636
3.362977355952469
3.307673803223478
7.206068268015169
2.2191693965972736
3.5711966755405493
4.451588969951776
2.7803521779425395
1.7614937466971992
2.966772151898734
17.784526421982065
4.154492330168008
4.963443267113541
3.5677475620391643
1.7987768317544073
1.644736842105263
2.033484714973226
2.432925593025613
4.089793692629285
3.207412687099073
3.5696073431922493
2.8614577537556634
5.775577557755777
1.9730351857941468
8.822880670538929
3.1860662701784204
11.52460984393757
3.2448218052025317
3.6201615148983564
3.3694344163658245
2.002002002002002
2.8960324355632783
3.2852710348603757
5.537639662529723
4.380173274501595
2.1918570770020267
3.653921440689025
4.072565716401332
