4.136789851075565
3.373629463030643
3.8115981486523274
2.2706630336058122
2.249212775528565
4.856895056374675
10.22494887525563
5.085598256366312
4.013801844940497
1.5868817773075905
6.3782084321204024
6.867131411923842
6.760370854629739
3.611194703581102
5.1371462374295565
2.4189646831156266
5.173099880620776
3.522307950352232
4.856441455865089
1.5752165922814385
2.134319863403529
1.9526165061181984
4.691584191595364
3.546150767399468
6.196322886798962
4.092304194611798
4.475159733994004
8.694382644356171
3.429616645072784
2.6618499857400892
4.36971596846205
2.900305966343702
3.234750462107208
2.952159870811465
7.227538923010994
7.942752398572438
2.807862013638187
2.648305084745762
9.443190007206349
2.780352177942539
2.1191251040641794
4.263382283278068
5.547617046314197
3.81586028080818
4.920913884007031
2.7500229168576404
3.0868431883660308
2.9851286319065022
2.809364548494983
9.479956663055257
2.8081436164878144
2.668021852369458
3.4273251285246924
2.704791344667697
2.1512536174353984
1.6291951775822744
7.261653783087372
3.852619781451386
2.954923977864934
4.012036108324975
3.7971479200067497
3.6307053941908713
1.648351648351648
4.154601535943599
3.6232849340615423
3.5898428563886893
3.42163927627145
2.9895366218236177
2.898850812713532
13.633344420641
4.89681706890521
3.770028275212064
6.431319987893984
3.6001894836570347
2.6630764450888424
2.1839510794958192
3.1508743676370194
3.0509508796908373
2.6424234798200636
4.270132281271757
6.304034582132567
1.6362148895554947
3.515281710770433
3.4051788654393067
3.0496148883762757
2.612833991726026
2.775636083269083
1.7155601303825696
5.863339096444413
3.0439194086099435
2.7249306381292104
4.114815830818725
3.540360105199271
1.8251505749224313
4.358863821430283
5.236599066933256
3.28186140446838
3.8206004793116963
2.1462297896694804
3.594995019920317
7.205723403160229
2.0768431983385254
2.0075714121830903
3.9753716262582763
7.221725489781128
4.449152542372881
4.904097646033132
6.0747663551401905
4.667279541758006
2.2607385079125852
1.6133369185264854
3.1555595221399164
1.9747235387045814
2.403465215783635
4.7167529388999085
3.6171037333677827
4.55675227837614
3.8541357841683963
5.349182763744428
1.9577133907595925
5.30311488221503
2.8819953888073777
3.943532372175561
4.424993921711645
2.863970098995007
2.5049502588448607
8.801977192906383
6.510915358100343
4.309460291401603
5.4097917230186665
7.120554413220626
3.671371461205842
5.183043264771673
5.225830533781261
6.655515450303724
3.165391717225007
2.0546537908362446
11.165878684236992
2.013963480128894
2.60134402774767
6.187837259880064
2.541296060991105
6.393326584821938
3.284585907562368
4.230171073094868
3.9619651347068148
4.815541439723411
3.7938414191973675
3.7403374615576443
6.986301369863014
3.1502176514013693
1.6031635761235505
2.829218106995885
3.6949063077329116
3.309265944645006
1.9665683382497539
6.950829318524512
12.408928623262026
4.873366314701321
5.689052637282259
4.948861761794789
2.1754894851341553
4.10573238445296
2.3571933684293236
3.314027806271404
3.2135970863386416
9.834648222198208
3.3146353901070875
4.0743076102245706
4.867025899530681
3.4586119437399123
7.118272841051313
2.390787498837811
3.018361700343758
2.926727291731995
3.240115718418515
4.281488401058694
3.270051775819784
2.667344087387273
3.0584629833298322
4.395926441497547
3.5895075931891403
3.5985605757696932
2.766798418972332
4.765632978180212
4.676174888940846
2.1974802226779957
5.0596782563570315
1.6176867080075492
1.440922190201729
6.055021719099644
6.273352091886158
7.04493908435863
2.179010936559653
4.622809245618491
9.44065077055114
3.3493697095183004
3.587736464448793
3.2916392363396976
2.225519287833828
7.392283863700362
3.868691234509293
1.5904150983406669
5.13389235716778
9.376988423884523
3.0940594059405937
2.792181890706024
2.769869969993075
6.049634501248884
3.9523088070614585
3.6288232244686363
8.611355910864921
6.224775976468979
5.616850551654967
2.051422319474836
5.365216041995966
8.421400264200784
4.909674576697929
2.183670993570302
2.5621733737316226
8.894349550608307
3.7387059923148813
3.4479710016797807
4.340809171350658
5.412049769634158
2.8030833917309046
2.3809523809523814
5.653415853368243
2.726596711559118
3.1284760845383763
4.175652732528795
3.1403043104415125
15.252546979800153
2.6325026325026317
9.734513274336281
9.028474419322482
1.8872672370407646
3.650015642924183
9.103046486224054
2.0264793299108352
6.6054353296426775
2.005213555243633
3.8601758524555008
3.3387968190372126
1.9412449851171223
3.2952219282041035
2.3703101720167954
2.7538094363870016
3.3120337225251735
2.6960233655358343
3.432576672881045
4.016650843496676
10.736525660296342
3.9824691508357692
3.9898912242105955
3.4131314293144226
3.709575562729363
2.587880094888937
4.689271359373388
19.93381657737156
3.244412400865177
2.4177949709864603
3.5594865710279375
4.698827530654255
2.366863905325444
5.351195599296487
3.927435945389937
5.758374106134741
3.17600352889281
3.7101579627859924
3.2993621233228247
5.543237250554321
9.240246406570845
2.0311442112389977
2.4516671336508824
3.3044846577498035
5.656819610307982
4.108565737051793
2.4049702718952504
1.9227071716977504
3.670415509858359
2.497502497502498
2.747801758593125
5.615123399021363
9.358749727329661
2.3737933217281215
5.387893087297955
2.6195535116570134
4.480819171671871
2.8637339909315087
3.6653905677282728
1.9130212983037878
3.2546304515060065
2.1388921896484407
1.8835938971557729
3.6779730281977927
5.072708826513359
3.6800388223875786
3.9404553415061288
11.46204788588895
1.4727540500736378
2.8588931999183176
4.213483146067413
2.8599656804118343
9.536556801070772
2.6517383618149672
3.3958602846054333
3.02053966975433
3.66920688681908
15.784055816081434
3.422339225272658
3.537546229297315
2.041649652919559
10.336639195418357
3.986181238373638
5.552787071972661
2.1534044298605415
2.0691082143596113
3.323976953759787
5.645978532872831
5.5669409353684305
2.519314746388982
4.099582587954682
5.042016806722691
3.916820965674406
2.9785544082605244
4.906189346560275
7.269651462670444
5.696335078534029
4.164458241841448
6.395336046639531
2.258695979521157
4.4363604099197005
2.299202942979767
5.805274506551666
5.903908794788275
5.138653771179916
3.2358719519241874
3.7713711029165284
5.349472657376764
3.075546608510876
1.907304978065993
2.565345038907733
11.184947867727802
3.291923031704354
3.2091281868425745
1.9701845406186378
4.420629604822507
4.190156940423587
3.0816640986132513
3.3682184530253823
3.884790456757182
3.039257070493879
1.9480519480519483
6.08014739751267
7.6063578660231865
3.5140562248995972
4.508919819643205
4.0089898560408175
5.400138048641845
2.9931972789115644
3.2676772261051097
4.020204102669826
3.5231943628890194
1.8802883108743342
4.943502824858756
4.579467225381623
3.5116469624253783
2.1346235947061336
2.4247322691452817
5.2353410450737945
3.7237643872714967
3.5302698005462223
3.6623532284198617
2.7452415812591506
2.521008403361345
5.21524782742858
2.279288861875095
2.786624203821656
7.051546391752578
3.8965639390719096
4.023522129371711
10.08802737965357
7.39456648338254
5.162495697920256
2.26635009712929
3.434131450920538
1.7035775127768313
4.158407204028518
3.4820411091883687
4.3159170820778785
7.042360175074588
2.4171270718232045
6.703052140737602
3.937007874015748
1.7424493859940258
2.997002997002997
2.8352951284474606
5.280275492634398
9.261781530918004
4.822763443453098
3.9344205592930157
7.927519818799549
4.5241342603373145
2.756846167983826
2.652519893899204
12.727686491607768
1.6753224995811695
7.922897516806147
3.1039834454216235
3.0668127053669223
4.8447204968944115
4.515352197471405
2.0357714119528865
10.701822411787514
2.5342118601115056
6.428335493050792
1.4788524105294292
8.3844241922121
1.6667592644035778
2.7090482210583344
2.058319039451115
7.932835327559988
3.020365895754228
2.1155066638459914
2.64425347058268
3.6447978793903246
2.678203543469303
5.956112852664575
2.637826431020839
3.569110966904607
4.332414336352896
2.3864992329109604
2.025756041093908
4.213483146067417
3.9957378795950986
4.8086555800440784
9.810782883985418
3.6324010170722856
9.42032968494291
2.692524948220674
4.460665044606651
3.8364955357142843
2.2149732189601705
1.6034206306787813
4.177303318635416
2.1202911866563006
2.881198578608701
8.696474146894799
5.1513200257566005
12.902457421890512
2.170636116973169
2.578057863076482
2.144169899938738
10.01249330715688
3.3070866141732282
3.288700963119567
2.2935779816513766
1.3995801259622114
1.8023430459597476
3.1627776215912293
4.914263650244835
3.6991368680641195
7.442137381856069
2.963202413663058
2.8336882599436692
1.5215296444692397
7.592490336830478
1.5656802880851728
4.735595895816888
3.159795365633464
8.454673555659939
10.60370331209283
4.4686382840429
5.848892888131891
3.9846452498066065
3.693541578725201
6.019134511816514
2.796923384277295
4.431442970514973
3.8197097020626405
1.7087201685937232
8.380374686189436
3.1388961548522105
1.9611688566385566
4.770423375074538
2.586398009705151
4.810657456519059
7.432541606075298
2.585145670906853
4.637038114634854
3.068156914310761
3.633749950085853
7.496918045055008
3.635987723194394
4.479411933612818
6.435761565118538
5.25562790154457
4.688459320173399
1.5105740181268883
2.278250303766707
3.4185251505778935
4.838109415705249
1.9506757698202593
3.4327799275995514
6.50668159238788
1.4124293785310735
3.139169863969306
2.488741407916568
2.601734489659773
3.8951381593701666
4.3900556395330135
11.897064528643487
6.578291637595934
4.575495678698526
2.3185120305013145
3.2599837000814995
3.711875940857444
3.6419401543539927
3.364874785871606
6.286368748940716
4.610863396838266
4.710730111401002
3.237759470446451
5.554421074127018
2.4269881077582727
4.123104108378738
2.719361856417694
3.2034480750189305
8.50430382009418
35.50171679073808
2.4767071588630736
9.11645066187564
2.491103202846975
2.2318107424490403
4.262012278654422
3.72451038207269
3.100546286726709
2.2460133263457367
2.2248119504184767
2.075693627620563
3.142118994268013
4.468386167862375
5.579665220086796
2.3349937733499373
2.2400597349262648
10.712329322972675
3.13588850174216
3.2808398950131226
7.978835090076852
3.182541486701523
3.4722222222222223
3.129618360427714
6.275215811730572
10.538994278831657
3.648897371184085
4.202073022691194
3.164374892123583
2.516778523489933
2.688653880623768
2.9283876120330112
2.3384432649122155
3.6802868736434853
3.2743942370661423
6.836461126005363
9.578544061302685
8.237056054771074
5.326648911170296
8.320452527378565
2.61657788991683
1.486988847583643
5.5917986952469665
2.2813688212927756
1.804077214504781
8.170961659333754
5.056927399083246
7.776984516065634
2.5882256275420077
9.43665999428081
2.717236399566762
2.4748020158387334
4.85775496985701
18.345404315687308
15.115513440783278
7.32916576848459
2.114803625377643
6.649160423040787
2.5984388369492755
3.007097169893981
3.6838580040187536
6.100812730646985
1.4295925661186561
1.7930787161556392
1.9065776930409915
6.1723776746969925
3.41699801192843
3.284971256501506
10.589150907692337
3.492162036318486
2.699460107978404
15.288541825922307
2.9519736593119634
7.688878983730778
2.5964268221352516
3.856041131105398
2.859321387723981
4.012758514250436
8.951651507898513
3.2987827129285714
6.595132164354877
3.112033195020748
3.933090818642541
2.121640735502121
2.9785121622579953
3.688735794298733
2.4867030462112316
6.051933339295829
3.8117578067731994
6.317324046327042
3.721328852703036
1.9979069546189707
4.38651460082717
5.420244966915387
4.100571672019096
3.509475584077007
2.248032971150243
3.8501026694045164
3.5092116806617377
8.402849662059305
1.601708489054992
5.957836846929419
6.048387096774192
4.1578600880080385
3.508771929824561
3.4000755572346053
18.174700816463467
9.617212148857725
5.906022845275181
7.759782544573373
2.533106291954573
2.0504408447816282
2.5811209439528024
2.1634095334246775
1.9495710943592408
2.512337371018394
4.064253919101992
3.3723021582733805
2.405388069275176
2.9772453391933085
6.446845377637341
3.211366290385364
4.226415094339622
7.90206978775318
4.552927785506513
2.233092301148447
4.757234656088529
14.106430134605805
6.934869008029845
3.8411844816146954
2.8074115665356536
1.7115472387037882
4.667285332168786
6.83293474547318
5.180757187588951
10.80069124423964
3.095742884481885
2.771454023557359
2.5828669823504087
2.7987685418415893
2.986029647008638
2.877697841726619
3.596695782775383
3.941522144188046
2.5477707006369426
2.8070175438596485
3.892330718366704
4.270896888346555
3.1564707650683905
1.9960079840319358
3.0610162573974566
3.3176665745092624
3.2671887762456167
3.8118287702314326
5.368580918246608
4.551562703194764
4.128112059710648
8.727128477215254
4.02414486921529
3.827212607288589
3.525641025641024
5.193668670573017
3.6734693877551012
3.869152303904326
4.8205496999797735
11.12086625695054
3.3557046979865772
5.116179918993817
7.606442251762587
2.2025084123585197
3.1819266565905653
6.52416616272038
4.033351809701271
4.861878453038675
6.419628379276427
3.3849129593810448
4.531985358201149
20.61718192996142
7.366530105845405
3.363767419509851
3.133393017009848
3.6274128773157144
2.6931593751870255
10.439451183137804
4.138138590023322
3.8842345773038853
2.8273526815149244
4.105194349620699
10.700162828564789
4.572589864092468
3.511049165327857
7.975651344859834
3.181009054629813
3.008021390374332
4.330041588936999
1.893939393939394
4.041311180960934
4.553734061930783
3.707408933090095
3.2297423383334536
2.742230347349177
6.029831799428752
2.4555946631742653
3.1905195989061075
2.767187307834215
3.690366116761562
4.921700223713645
5.2904721116541555
2.480290548321375
3.63577603619617
4.780667192014711
5.58659217877095
4.873726185201593
3.389830508474576
7.34809232218559
1.731301939058172
6.134237978530168
6.300088015935516
4.996971532404601
7.994356924523871
5.370656684840103
5.393258426966293
3.3694344163658245
2.6329647182727753
1.7699115044247788
8.670151727655231
4.779491635889637
3.7313010933842885
5.208333333333333
4.479739360619018
3.587903639159406
3.5456502469292137
7.62395592678159
13.682331945270674
4.099200655872105
6.234157703637734
4.187321038209306
5.479893625594326
5.2157964119906
5.511204765571178
8.0686917500863
6.112076175770444
2.055498458376156
2.902664000516029
2.4501796798431887
1.820167455405897
5.041830572330879
2.2810218978102186
2.497101578524927
1.8105009052504528
2.81234020794273
2.0610057708161587
6.313948970340632
4.2209924022136756
7.414207032904958
5.547667575056679
2.118943353581014
3.666585186995844
8.532864456740976
2.237637055269635
3.9191900340596275
5.01973927549688
5.810488676996425
5.070526412833041
3.7065909659199554
3.35515881085038
5.237887385421215
4.19975565058033
1.9160758766047137
5.634035352024022
2.168570189388463
2.2468544038346314
3.1421205285207856
1.8486566428395363
4.207466340269277
3.352243424445589
5.726184279021344
3.0644082906173384
4.1016292582887095
4.342162396873644
7.9277486748224035
3.1654676258992795
3.714097061736547
4.168922577152137
4.021862431679901
3.2869180660969355
5.138146503049009
11.63177135260883
8.96551724137931
2.5273799494524005
2.7602523659306
3.6664629742792068
3.7635645137683724
6.94134154849532
3.8461538461538463
3.8675128917096377
9.3252364210645
7.380073800738008
7.64569426691285
4.433279148810402
1.5847860538827259
3.671562082777036
1.829937782115408
2.147766323024055
8.234019501625145
10.883724084827625
3.5481963335304565
1.6877637130801688
2.1941051707745185
4.537521815008726
2.4975024975024973
2.0487604998975617
2.7752998314996526
10.565409489658707
12.074883754899336
5.250492233646903
3.646784935462959
3.92255468946442
3.32344133958185
3.1385581094802917
6.048521103356598
7.166205682675387
2.4737896100836374
3.8392979569450163
2.83661119515885
3.1706176619416997
4.221758292739504
5.948360070175094
3.950140449438202
2.397889856925905
5.596196049743965
6.978591827532156
2.767783005812344
4.273098471180322
5.353930800973441
2.1660649819494586
4.533465215957794
2.132650885050117
1.715952639707144
5.289939039750113
5.137614678899084
7.588181338077107
3.0056104728827155
2.6728042170910977
4.834810636583399
2.38052054049152
1.9218449711723253
2.9723991507430987
4.564820450395617
6.587489887625175
4.810555733724287
2.673598217601188
3.522849593893728
2.43006335522319
2.74088817828825
1.9490644490644493
6.715371559294516
5.015406805218644
3.918135369424193
2.622377622377622
3.2358651526740014
2.503825288635415
3.577390889577868
1.8149918325367536
1.6585581601061479
20.377666077978517
3.7931417773578633
6.445096073391176
6.807074703281353
6.259127894846652
1.7420591138725976
3.5145650582171624
8.212877792378443
3.311424414229089
6.505016434631474
7.033762057877813
4.508196721311474
3.14115194608641
4.367139416644367
3.2099866250557283
2.5298729441588046
3.0111843991970173
3.3033584143879615
5.3364491685777296
3.402132002721705
2.5748862758561497
7.859415137029411
2.407428636936834
2.0161290322580645
3.394945303658997
6.168056758275989
2.8935185185185186
3.007929997265518
14.167061927232835
2.1143139051377826
5.29610014443909
4.057971014492753
4.600585529067338
2.69455315326875
3.6160420775805395
2.7762354247640206
3.3764772087788413
2.827521206409048
2.8949212512492966
4.930326699016529
2.415458937198068
3.0428167789610954
6.379770328268182
5.783824781888365
11.031144913416519
2.701868148834337
3.2928462011651614
3.339269813000891
3.244704821991888
2.8163725122042806
4.867394695787833
2.185280574416608
5.057559847791532
4.939209726443772
8.000969814522978
7.19797747470366
7.2804734254377195
4.0090107288763335
7.509762691498944
2.7508514540214826
2.46843924113125
5.679335954565316
4.360734012844342
3.7998733375554137
3.0749476245184844
5.452212957023734
5.327112565718461
2.5944076102623232
3.796507213363706
2.74943483839433
4.506681233717119
1.766264350897851
6.229898320355777
3.9342419558802866
3.348316202806498
2.768804799261652
2.816636935499014
2.1134202183867563
1.9718680163007756
1.7009695526450077
9.049951028403528
2.1317632727641866
10.937499999999984
4.4983131325752845
3.6330008587092926
3.53600293901543
3.84749912556838
4.319809928363152
19.108400165668918
3.012912482065998
7.016100517888054
3.0479544838797077
8.258133262295626
2.070321935060902
3.218618469918297
4.259634888438135
5.620406398616519
5.151544262452564
7.328810891407241
2.662020231353758
3.845449551364219
3.4295513003715348
3.062701859895312
2.2558549690332637
5.199018499706695
3.620065505947251
