117.0
457225.0
49304.0
147726.0
2269.0
10330.0
1122.0
3658.0
13192.0
34946.0
9464.0
320.0
147128.0
102606.0
76182.0
9445.0
52934.0
12240.0
27270.0
217674.0
1252.0
25405.0
1146.0
422306.0
15890.0
9864.0
1305.0
9252.0
330.0
342892.0
10445.0
15637.0
33109.0
5017.0
2598.0
194061.0
73006.0
17341.0
1205.0
333266.0
395850.0
105201.0
113.0
416231.0
75934.0
103724.0
43961.0
100541.0
34349.0
18006.0
18819.0
5321.0
136221.0
25989.0
1004.0
7515.0
3195.0
420662.0
12435.0
32287.0
241977.0
29782.0
43625.0
12143.0
28825.0
46553.0
525.0
432.0
27185.0
20198.0
2131.0
236390.0
141520.0
302438.0
193986.0
15883.0
106866.0
154482.0
14290.0
29674.0
372911.0
296818.0
237674.0
43101.0
352.0
328041.0
175802.0
44590.0
34401.0
286469.0
55502.0
13374.0
1940.0
201235.0
1634.0
458.0
59410.0
17725.0
6684.0
82934.0
