10945.0
3176.0
8203.0
157.0
4.0
62034.0
8.0
18.0
15.0
61259.0
199378.0
5955.0
6257.0
1298.0
6946.0
968.0
523.0
72.0
118.0
87171.0
2117.0
2.0
8.0
2761.0
2817.0
5101.0
113.0
25.0
15697.0
2.0
1030.0
1250.0
116.0
241.0
265.0
326.0
9034.0
430.0
154950.0
84395.0
7.0
1821.0
1930.0
14315.0
138066.0
26.0
300.0
129871.0
45942.0
1764.0
42914.0
36469.0
561.0
545.0
2.0
5.0
50786.0
1286.0
18.0
52970.0
38082.0
14445.0
2.0
23.0
88625.0
38470.0
262.0
41.0
19405.0
95.0
1422.0
8217.0
32048.0
1622.0
12161.0
2665.0
10.0
21906.0
2.0
2242.0
61.0
26777.0
3334.0
43445.0
129474.0
25.0
4754.0
6.0
561.0
75466.0
5387.0
2482.0
8009.0
181.0
20631.0
20009.0
9.0
2.0
113.0
32.0
