622.0
392.0
621.0
293.0
736.0
602.0
139.0
290.0
105.0
214.0
469.0
54.0
320.0
435.0
158.0
152.0
175.0
343.0
117.0
329.0
37.0
117.0
250.0
74.0
167.0
190.0
562.0
345.0
446.0
461.0
246.0
156.0
219.0
48.0
262.0
698.0
442.0
705.0
153.0
142.0
35.0
895.0
377.0
2.0
200.0
68.0
604.0
519.0
55.0
202.0
274.0
77.0
50.0
36.0
502.0
943.0
568.0
174.0
209.0
613.0
125.0
303.0
402.0
576.0
73.0
68.0
217.0
677.0
387.0
341.0
431.0
309.0
207.0
56.0
328.0
140.0
271.0
453.0
654.0
549.0
248.0
94.0
205.0
334.0
167.0
121.0
665.0
134.0
165.0
243.0
123.0
32.0
109.0
130.0
636.0
164.0
502.0
465.0
334.0
58.0
