393.0
197.0
11.0
572.0
139.0
46.0
0.0
189.0
424.0
122.0
568.0
89.0
136.0
117.0
226.0
706.0
355.0
79.0
57.0
73.0
127.0
654.0
151.0
336.0
181.0
345.0
47.0
132.0
110.0
214.0
475.0
548.0
119.0
265.0
530.0
79.0
292.0
73.0
69.0
0.0
208.0
100.0
425.0
18.0
193.0
364.0
26.0
128.0
634.0
106.0
590.0
24.0
448.0
42.0
34.0
294.0
192.0
327.0
346.0
451.0
115.0
528.0
158.0
107.0
56.0
191.0
102.0
161.0
303.0
106.0
515.0
150.0
66.0
299.0
175.0
6.0
98.0
32.0
2.0
171.0
141.0
56.0
190.0
95.0
48.0
748.0
116.0
55.0
67.0
71.0
274.0
86.0
321.0
257.0
500.0
17.0
600.0
158.0
318.0
88.0
