15.0
779.0
2155.0
1001.0
1240.0
167.0
1076.0
238.0
226.0
989.0
253.0
875.0
168.0
32.0
209.0
532.0
64.0
750.0
121.0
576.0
445.0
526.0
198.0
192.0
1352.0
351.0
250.0
51.0
60.0
145.0
1237.0
83.0
100.0
363.0
804.0
1599.0
115.0
36.0
117.0
87.0
709.0
213.0
184.0
617.0
469.0
652.0
96.0
457.0
683.0
44.0
408.0
921.0
704.0
175.0
828.0
497.0
67.0
23.0
277.0
693.0
129.0
175.0
853.0
456.0
615.0
252.0
90.0
175.0
107.0
533.0
709.0
226.0
972.0
562.0
1160.0
914.0
31.0
346.0
215.0
333.0
137.0
135.0
439.0
69.0
830.0
102.0
435.0
880.0
316.0
109.0
1135.0
158.0
482.0
816.0
537.0
1048.0
1409.0
284.0
216.0
183.0
