139.46346068161816
8274.188806356882
734.8880432667555
2080.6152386076087
1259.292982989762
738.1226671114244
1094.522903937134
5217.628177180137
1497.9231395699107
1144.62381306822
3895.9400283622754
2874.268399999999
802.3266084790288
1385.5084004190787
1019.1967818535219
2614.134365830269
1371.9007113115672
1539.8364060497229
5194.542980533504
5693.667762746587
2135.029821130044
2002.23898275953
897.5849647188843
1475.0844505730738
2072.5564789138543
1423.435131767474
1575.7707786628953
4351.73505146121
4269.401570557035
1106.7901736674573
4442.585012624917
4090.508894997623
1511.3119864422597
1189.744992120836
1864.9917099117588
994.1301315910914
1261.7237261311682
2402.9957000937866
1537.4334969511792
5327.700637787631
5012.714902229868
2509.9525003607746
1302.4556122720992
3091.3896229233146
1045.155758277169
810.6652002178758
1767.647452185092
1814.4495306341826
856.2640214731706
2183.3082449757653
1280.2553210784627
654.6589448977359
1835.5159744017349
1910.2733578406628
825.5868057202034
1545.6806892705408
1644.4550046951772
813.7215204972206
872.3246041213258
1425.0230032189731
965.8633801164706
2224.120298589947
1898.6159435940822
685.3234328200643
3978.247751624239
1914.8030799382261
1498.4409967356733
3090.803197244673
852.6201170008122
790.3925994024938
3364.077383230336
1520.808789965057
2974.454165458242
1720.716928555978
920.485380107785
3219.7090518315144
773.6256263017642
6145.910794458543
3747.9661503300986
2618.1986967677294
1786.4433573331855
757.6359537137776
1005.9733853353664
3961.799842386355
4307.143135020035
1638.3238741907871
649.6918645588655
894.137309508975
1945.559765745914
1299.5828831515676
1218.9670718789423
3766.8203851258863
996.0534098285922
1821.5226772268313
2605.214484533333
991.7057883193845
1335.508104552476
3687.6055692973364
5085.592488125837
1286.1863768333951
