627.5675180002736
2111.938798852078
1109.4614412610533
909.1908738049423
1597.503242316269
1697.9818805462296
1420.524426013027
1053.3591148849762
2490.022983756112
2261.829399047179
2084.3471098427535
5858.312056384323
5552.995255193659
938.4688686191491
5362.991404176654
1737.9663548908534
1797.8128547292054
1719.4863823352962
5018.237966392572
1984.5385146595854
900.4843059168751
1712.2919652402336
1534.8909794461306
779.4921795367985
2170.50927254257
2583.9469435787482
2039.4713334373964
932.7444596725453
1564.4651530535768
1068.1951822401688
941.544565138304
1070.207862275785
637.124896585784
1019.9818064079508
1379.0000484499697
976.649672466067
1645.7685148317248
1499.3323339015667
2081.828337334447
859.9693236144511
2271.879510454336
1957.9839528692198
985.0721488169967
5609.907434486151
1275.9436846546032
3776.7886514560964
852.4322678376258
2447.2680073357396
4978.795904627757
1792.591469141455
790.5250699610234
1920.1174557770769
3762.44544970789
1454.9684422069488
1564.0988883832854
1785.8495705251419
1310.1528814051533
934.8410964464758
2656.79095202421
1304.3534058037737
5954.036173302582
732.5566378742113
1018.8629728132297
996.4592932256841
778.1185841484897
2095.6355571497843
4634.595703687101
815.6512488642828
3531.932832457177
1364.6425460738603
1001.2618966557577
816.9421201270501
1858.4572308984739
2385.024473734774
2646.1557214385725
187.34502392288076
3504.794597088157
1395.5550883830042
1465.5464690858219
864.7179063144038
2347.623527092396
3052.2226308945988
1081.3274827381804
2597.0001263506942
1309.0655139659214
1649.688999215598
614.4095824374059
1195.274046240356
730.5662455807526
3221.317721342198
2293.712154735882
2643.970263679065
1268.9521569850494
1659.9798330761337
2999.6018493992274
1105.8096059782104
2397.7584628362424
1703.7905032556378
2023.1020807238667
2630.521165510922
