627.5675180002736
2111.938798852078
1109.4614412610533
909.1908738049423
1597.503242316269
1697.9818805462296
1420.524426013027
1053.3591148849762
2490.022983756112
2261.829399047179
2084.3471098427535
5858.312056384323
5552.995255193659
938.4688686191491
5362.991404176654
1737.9663548908534
1797.8128547292054
1719.4863823352962
5018.237966392572
1984.5385146595854
900.4843059168751
1712.2919652402336
1534.8909794461306
779.4921795367985
2170.50927254257
2583.9469435787482
2039.4713334373964
932.7444596725453
1564.4651530535768
1068.1951822401688
941.544565138304
1070.207862275785
637.124896585784
1019.9818064079508
1379.0000484499697
976.649672466067
1645.7685148317248
1499.3323339015667
2081.828337334447
859.9693236144511
2271.879510454336
1957.9839528692198
985.0721488169967
5609.907434486151
1275.9436846546032
3776.7886514560964
852.4322678376258
2447.2680073357396
4978.795904627757
1792.591469141455
790.5250699610234
1920.1174557770769
3762.44544970789
1454.9684422069488
1564.0988883832854
1785.8495705251419
1310.1528814051533
934.8410964464758
2656.79095202421
1304.3534058037737
5954.036173302582
732.5566378742113
1018.8629728132297
996.4592932256841
778.1185841484897
2095.6355571497843
4634.595703687101
815.6512488642828
3531.932832457177
1364.6425460738603
1001.2618966557577
816.9421201270501
1858.4572308984739
2385.024473734774
2646.1557214385725
187.34502392288076
3504.794597088157
1395.5550883830042
1465.5464690858219
864.7179063144038
2347.623527092396
3052.2226308945988
1081.3274827381804
2597.0001263506942
1309.0655139659214
1649.688999215598
614.4095824374059
1195.274046240356
730.5662455807526
3221.317721342198
2293.712154735882
2643.970263679065
1268.9521569850494
1659.9798330761337
2999.6018493992274
1105.8096059782104
2397.7584628362424
1703.7905032556378
2023.1020807238667
2630.521165510922
704.047969328173
3874.134815558629
2939.6696833743767
2805.511021528832
1023.4730072353478
1166.1571297560631
1911.8103995444258
1362.2303357535022
2154.7550624735013
872.5357202748016
4474.947019915554
1272.7696249815294
1340.805279596056
5524.608992700982
963.011248296799
3142.924375878856
3051.4965479890607
1008.272209286559
3615.6575973102754
684.0497515670144
1171.2541574435515
1550.9225047777352
1800.5327948689574
1100.422367270389
2206.2913219979214
3142.3160413164164
3252.1669013891847
2629.0051026302813
3254.1156851243604
2175.6433116006524
2975.238998952213
3367.583379129555
1181.6950589531716
1277.095239944201
1414.4776621960184
614.6953565795101
1048.2425074163361
1498.677276697931
624.7853700580104
1625.4721240186132
3965.7298914012954
3946.2660031379364
3154.605783978297
5388.877292557335
798.0861217630509
1017.3751763811892
2895.415822530817
972.4367880985313
1711.507523400749
1027.7075850111144
5019.004038400303
938.5820764737933
1947.272925707389
2535.0855621443684
3865.443885800095
760.4973617723317
1138.3585152371218
1136.2815054603516
3948.027999807446
2495.3946187556016
1457.0967661088382
923.92069512367
908.4923646776354
1918.8228093189764
1624.1614196698183
1276.9015660061627
870.0324717562136
1468.705555743366
821.7039748004677
2162.3082620281916
2340.637049037807
1419.3568641872298
1422.8037266570252
977.8684126582083
874.2546035219706
609.5499403945494
2809.058033079498
851.076023792584
670.6248652460406
4116.546498672419
4506.0677254295415
2124.7511389939045
1867.633269430468
1820.9431202677592
1282.7162472126513
3885.9298283149974
1235.6476471621318
683.7629702089959
1394.5176471853722
3253.067265414817
1229.7990005041963
907.2000188613239
854.9323971376058
2941.8256003731904
964.9371081047005
2948.6381546879384
1700.2761403952882
922.3525585630983
1475.589327898021
946.2944877664255
564.5041755862804
894.8127911746965
1094.8672239048403
1316.5283884675894
1327.172501744513
843.4921926736286
1108.40324328974
943.36961926745
1567.1729090977035
5220.732681641719
1847.566857295454
2175.2184361694603
3496.343466749211
4318.222583997633
1911.5642499934938
3787.8386899690577
3692.7472473434123
1506.6277097610987
3433.231127688347
1293.325025964374
5604.236567755983
1750.1221972858766
1086.7293183028141
2267.570378133713
1924.6827466410928
803.4830239728939
535.2532128094679
5116.914280629431
1900.2728639179581
1228.9807329149216
893.9056283991847
1474.5414448201268
1409.5232953389204
985.8558910818824
971.7443595774043
1757.8475013374293
738.1786460954089
849.6582796123067
778.5692486293824
1110.4024356727584
2261.1649892864743
1502.4185181033426
1344.5570158357248
1450.5110709298112
1279.9305576957104
1348.5779167004437
1228.8930762382884
1120.166564141423
6274.3898826372815
2166.3862211471364
1284.231651799419
1617.637634685186
2646.6250316729993
1141.4101310203641
3888.488612977567
2624.1875016835716
2516.9836917623115
2824.044751449733
2225.192848613625
1003.565469488594
1872.9899876890904
2745.414246294847
1173.0278039558282
995.9268801246919
2695.6329365566453
1212.738763006027
4413.012442905556
3339.4918924300946
719.1365562009365
2125.0387026148887
5222.402632580798
874.4503320154398
1911.4127801387754
2334.0128386210213
961.0107094347726
320.9260605288772
1455.277282268274
1214.161945711469
2069.0524501354603
2251.521080279709
940.6670556489188
5716.644626489973
1412.2587677626734
995.5758527091
2243.2324507162893
870.8080674461718
760.3187058799716
896.4387037716192
1634.488624305886
3293.1142678562737
1089.7082973035538
2630.571329120654
3027.3564422551776
1434.9350152666616
851.3251255891074
1219.9352949192962
1023.0790353295432
2719.950600430052
4340.292707495821
5938.942206788875
1681.3880304184074
2555.8205246505613
946.2230002810371
1688.3247483776315
931.4074085928651
3984.7786938461277
861.1625938757762
1134.8277216166468
902.914192562961
5255.6234199511755
3649.0065281054244
2194.7128147333274
1347.9517938556785
1752.0020343970587
1543.7794954332298
798.2284541129985
3057.1431484658024
926.98082720019
4711.655969989504
2439.6316582860927
1748.1579190964997
2900.992524389046
3640.0479022495674
1190.570754885648
1920.45868676135
3758.382776618522
858.789927001533
1212.4103201629896
1237.105058355805
4969.309053595825
1336.126723483856
4136.312137736571
976.6372439707757
4738.344808611861
4215.887057522643
1124.799410608066
951.3731770703769
990.3315123410773
4148.365400509106
788.4712976369113
4142.385978966152
1496.4369809652087
5934.659470534103
1978.4416984789868
1650.7305006619624
1058.507625501203
2056.2633434585887
1285.4883902957076
1216.7954648430778
1538.743605357892
1197.4436362967356
3852.051337648599
1257.0321263901742
3752.148114270415
756.0261605568476
1176.611670459234
1554.178677043265
1005.3956762996547
864.3022226636967
3501.1653673045435
900.9930343773242
942.3298078544874
889.8421269222849
3408.172999503437
1883.7809740302826
5861.11111351612
907.7194252891085
870.8828031131218
1811.5546733843807
2609.1556680775698
2632.416730922543
624.4102060087998
4099.108215303816
959.7461626994213
2789.3597350081695
236.00438891613797
2994.855094419223
1386.1389284361226
1074.261532175939
1678.231222829669
4501.30210811764
3023.7105348604146
3332.954757361528
933.3424532893351
1443.7975237710466
680.4267685424938
1253.3205794937357
608.2862066953414
908.568724130904
853.5673763535561
1598.2896436461308
1077.5955814252532
3128.7628740005257
5143.513873090926
1719.6269013469962
1417.6236938296663
2876.5828296951886
1135.2213644435096
893.0695887469184
2290.829350815371
2447.904036368577
4912.573200589853
5585.995300519197
985.6901252353324
2552.2059119030396
1333.1297841375347
5320.762347711507
5065.725253935454
3786.5690734356485
1896.8968018056312
2529.3670529475708
4603.724579548028
796.2811239480851
1199.2370585314227
1152.188321542772
4991.344110583467
968.4283093585893
1714.0566211086725
1591.9902760896778
2446.3549582292035
984.6634970187059
2720.1879828176325
2087.1620832975136
1865.2622691677955
760.5488923960663
1673.655232185577
663.9860708234439
2165.638207410003
981.8212469785186
1366.4351350202876
3507.888153454471
874.585357438958
634.6166095441067
1011.2821976754652
1252.4458515339818
4022.826192331962
1250.1666763870687
3642.9056312304974
695.3859999950062
1102.5627519659472
1936.3922465465555
1715.9924973032757
3017.5205527771495
5646.264248178276
797.2864696786805
968.5390914431638
946.4540256367918
758.4899241410427
1713.5795410634778
1052.1114839020563
1060.9838304771547
1600.9663248369482
6154.3494357518
4796.584140658363
2099.545039707381
1994.9391236270878
1266.8713196504416
4215.56230126004
1198.5285433536417
2935.450029437032
3790.06281039635
3333.7955746809475
2736.2489818799118
1263.6956639563318
1607.0394212478038
1608.1706276915954
2194.2714675248494
1479.1568135229654
566.7609831913752
819.8080007451207
3420.3325311748513
1848.742282026798
777.322502304799
3381.476085403248
1276.321903221555
144.4668216738752
1476.4575065622141
2277.4798186611433
919.4480429862094
1811.7947838540927
662.4132437508434
1610.3233300442869
911.8197609169129
728.4196761741212
821.6048041136539
1485.1760295482752
784.3559103555071
3383.8839709886092
1638.3771451195682
3316.017901008704
3938.100009655927
989.870505277736
896.5205011747079
4754.825232550284
1130.6963203377688
1236.5070353626872
3507.3104522393965
1695.9274976905058
4337.720483737469
5241.451884454426
1209.4105221636912
2169.9975945648653
1765.91913642915
1431.9477099228409
1582.1971264897413
1316.6620098608041
3339.4410922412662
2363.751336069679
833.5650706758408
954.1817262081983
4483.192356613707
983.6230882521843
2008.820972692533
923.4721539712773
5055.791633499651
3136.224543271044
779.3682430449879
2830.492970409363
1366.7331204618422
1916.3971759739647
1010.3998338028504
910.2477495193339
882.4923170894538
3063.0370085360473
1466.3624143729458
1151.4598212052945
1414.7459345537864
761.3649780403257
2711.2775097150366
1823.3053561474023
886.166955020098
896.9290053443618
2825.4528751503453
806.6222233129819
1919.932263826735
612.8382715723761
953.5166773347903
596.4122233254126
1022.8483640408047
1105.4360243807007
896.6628100713506
2753.8440617306096
2787.5503987289853
1203.6705056080102
2280.2500303848533
847.3531239654321
1196.9244604402065
973.4063281488652
1527.5246563715775
3176.436006969105
758.0731094756162
1121.4327062859581
4759.29859991593
1294.921526183218
784.0145914749808
3215.3045965920733
1363.0840216091306
1305.7422461571352
1091.477285675576
1285.5552101849985
3810.748156355074
3305.2108271026027
4083.4563603912675
1454.2829859412814
1111.43445994449
4486.978330089794
857.4317970031937
2250.1735889718434
1064.5575716268013
1191.4848870768785
1468.7608089583928
3498.462275065686
764.4655007233532
4154.736341644834
1473.9627439346916
520.5952267420424
4182.621869523746
945.9447942447958
4014.215838256409
1669.6197657840412
751.7778674689073
1076.132982126274
1884.690334204232
1481.5306691890644
890.746202427582
2591.0721566730895
4773.531098781951
1082.5986009161863
663.7532397828813
1756.8133581326229
1215.714658517831
875.5631425437439
6049.510943642469
834.2262346085193
1408.7409887253373
1772.3267252309292
5531.906606893561
1704.9230655227275
1386.493166708957
1168.6693518434372
2438.5866034661854
1766.0330378107244
2083.503263083288
5523.9010853059735
4021.0932055978287
4676.090307417948
1110.5179477994104
1008.4961874868724
2510.086655137222
1263.602346816799
883.4052050662037
5883.162495529569
2005.5403582334861
1194.264358148059
1573.7553339477272
1329.358226401583
1313.1087773695722
1511.906739719012
2571.8947037828375
3707.1423159273622
1500.2339530375175
2080.551279390112
5633.297666433224
2047.8139163963288
3902.1606443581336
1602.6768651135092
739.3395538297231
1225.2351499900444
1111.0439506458447
2207.1685740963903
1347.1957371174276
881.0505592324832
414.8001825284401
3079.246393650813
3399.289726232478
3192.8957186521025
3646.4230155182513
1364.716261379152
1008.5690417695057
1415.8592424911506
5377.782183394601
6227.5911434792115
6002.9020050147865
4290.928541009242
2294.274937607178
3951.6110539601154
1044.8197585531454
2983.368987236528
1530.9841080048643
2148.2240723975465
2190.9724504777237
3270.5922854807563
890.4975281425732
750.627359216612
1064.875237906906
869.2565292736414
790.8423742568748
2007.01285450562
1372.8598558189399
1056.4008705373042
3087.7145217992197
1047.2944802008649
825.3315224868295
4203.361395578594
1055.8817279413975
1233.1583413088592
975.4749062735278
1298.098048870864
1065.7828471344951
940.4942176340709
1134.252559636018
3000.4170264004383
2738.1796797257175
2723.9291714051014
3420.4489410097044
143.26323141853152
3523.2808770881925
668.3965247146177
1719.9470656835576
5269.979770636512
2840.5551811588634
970.9409026426994
2171.1673543697493
2509.1174217061075
883.65524083551
1266.3951479663747
852.9450770835089
1036.971619639638
716.470087747228
3319.2107727087314
3266.7784754183535
5751.064672206385
895.0749695458262
1146.1577318495583
2183.9096514068615
2517.145716892725
2228.410728716901
1277.819992717914
1850.4507321127971
964.8808940405601
1035.4853965265702
3167.0775169240937
1082.327884268716
1322.6905082621597
2041.8274085380783
1015.8779177004504
1069.7346294967983
891.5011917110123
1565.0839870172886
796.5284165643661
2142.415969638086
2188.1546699085675
1189.96176147486
1772.8312044530585
1346.1914950115072
1174.2799749256574
1319.30232887532
5442.735094176609
1788.3966524205548
4678.165882164775
1998.0822575714458
1338.6880540750599
946.278907338774
2357.766179068711
1259.2233338586884
1290.9774348131664
475.4381754299839
1366.6983594440587
1206.6322110746028
1328.1060498685683
2853.6553337347605
1602.2664364192615
554.2900295852663
1111.881844144458
3326.757622132683
4026.8543665175957
1665.312221032052
1275.4882408108174
1772.0609501136928
2684.2177962306155
2277.365636575476
1158.3740434667368
3744.9613753716812
811.6750855287384
1934.0748169783972
4348.147113863378
3550.9015025250187
755.5777561071643
1066.6108955210864
717.5131224979706
1026.14771259439
2489.6810350893693
3132.3176819086457
1150.5262607582642
768.2819434250275
3427.7021454175306
1160.9346311275333
4145.650746379574
2642.8237924979617
2185.339131183352
1112.5857044414445
933.9741367966949
816.8098240393865
2784.046317918756
1774.3432273491615
844.3533492233009
3014.879203668467
2261.191617618218
952.7515392173773
1050.198532196985
1372.9626556692033
4753.0619104531115
1163.7565907033058
5153.5288765880705
888.1291172608526
124.67596015447039
4020.2919515146914
925.983347713984
845.891350640311
1665.386639248516
763.8479866274215
1816.471052248032
4018.8487079544307
760.6722264486542
4011.38572671498
800.2078778496368
3735.1036937608897
598.100022174164
4514.787179013858
844.6492716906816
2692.313923905658
4774.771492110984
1860.577136629718
952.3987981426841
2154.8288716459174
4415.915183598513
1995.238460410974
787.5789188958504
3448.124160463923
1194.6830215600837
3873.8445481864237
4962.348423420794
2082.141471669439
2370.060048223741
3876.5235109519235
3104.236483207865
1626.556298059885
857.3195351894783
1025.9765682215598
2241.033770766734
1094.663234215409
1852.4999211781612
2383.0331204844774
1042.3722212633654
5043.311877342434
3824.488198732692
1499.0036078362252
1505.8661328893802
2513.865187605625
3027.0600468599164
3440.5810275066924
1507.1101175818496
5681.893532602716
839.7380300143924
789.329517343287
742.7166145503118
541.0347639398999
755.5556005167454
2209.0133208986226
1589.0298931596142
1238.3077087637341
5327.878663200289
971.994729127599
1135.854722232546
1729.9493563236504
4010.861149397249
1973.8262180233396
2318.359360188467
617.7484998515843
2690.4996809539734
2714.133156619681
2825.4446713753077
1079.9819898499304
3540.313047139989
801.3632307593771
854.5350199157551
5462.590711884824
1279.0380046850228
4953.520534808897
878.1392038414468
1035.1301638567068
3216.2520066142047
1073.0550337009715
1135.980940184361
5035.907002137111
859.5257340003169
813.864504340207
1745.2797532503728
1626.4954722844197
1305.4143221584754
1271.211281242688
934.756009462283
3289.97846053364
5509.171573963127
1619.552027148861
1579.0647883232077
4634.8492254597295
908.0670521980578
1228.934057347482
1860.491174770053
1148.5030353674774
777.7948821017243
3753.2424656466924
2394.2096784771616
1849.659858188479
138.16859278446162
2151.8918692635275
1644.0862368074634
980.2690282918926
5320.953959311194
658.8234243001092
1086.5972769511554
1867.8705976251003
2209.4643772769264
1921.891653608596
908.043653154224
840.5501560626137
2129.112755431477
1620.3463250407726
1069.0978545506819
3221.0044697798257
2670.1047574434924
1415.0067628560023
756.6861195187107
1123.8044131613922
2484.4670727093053
1735.1358880285527
1295.6971139828966
3476.662875426037
1236.8764421336755
1674.8853827762393
1340.2840608496485
1611.0417387556565
3386.398053207056
748.3261207607968
1979.443234964611
4118.255913954743
1287.999540838743
741.3121348026092
1896.8730180818848
874.8029330962568
3787.8054746596513
832.1634512041747
1536.1041893249756
948.1121232378699
2548.4857877551367
691.3566627703767
1716.9423708791255
1646.3135222915732
627.4560902899414
1474.2153805575535
851.1210741746324
1805.205066146417
4070.093311180088
2192.8329536315323
1489.926594170459
476.23086341335573
1220.683655897054
1231.6583282312422
1321.9225262630894
2469.053564152696
1845.8166543785112
538.828898942915
2503.135426585963
1941.5873029962695
1491.266398110915
3465.41908838117
756.7113952440948
1000.3424473972334
2248.0905728743874
3339.2562933661484
1495.389268090258
908.91632713859
1139.480104968646
984.2630646152254
1490.0045802320742
2906.3496114094046
2057.4936403828397
3248.70654327783
715.0612120864416
2220.9365081117235
1152.6424592761277
1955.3100330592922
2448.1510343431864
924.1660347972503
1257.467106740105
694.9506080288721
920.4579373752028
2219.4174652944216
2927.021852131946
4583.151825882774
1045.0022946341553
1911.1144561062924
877.4318621425068
2691.1943753376027
1396.9959845629305
4650.713525740533
1293.4508286722732
1839.1179783123869
1173.5414586695772
2361.8961648608374
1291.7061055624972
1121.9917166236842
2388.519701365955
1971.4848818918942
183.231465279583
1438.120101211825
1346.6726188486184
676.0120016237313
1609.7886110465304
3546.433927048864
2090.512192647784
957.2225292990538
821.2200967204312
3368.6437136776462
1788.087515904337
851.5677860516677
1801.4842148983237
658.345575626287
1499.5610088019882
2261.0408832289
1137.3828593982369
1833.6218734846134
3004.7837396830264
1093.1937244258763
5664.0412188780065
835.2006083519152
3319.4853555118098
2356.4004045100755
1153.6743430199372
