0 0 5
0 1 2
1 0 4
0 2 4
1 1 2
2 0 10
0 3 4
2 1 2
0 4 12
1 3 8
2 2 18
3 1 4
4 0 3
0 5 13
1 4 4
2 3 10
3 2 3
4 1 2
5 0 6
0 6 7
2 4 8
3 3 6
4 2 4
5 1 2
6 0 10
0 7 2
2 5 6
3 4 3
4 3 9
5 2 6
6 1 9
7 0 3
0 8 6
1 7 11
2 6 12
3 5 6
4 4 6
5 3 3
6 2 4
7 1 5
8 0 5
0 9 8
1 8 5
2 7 12
3 6 12
4 5 6
5 4 6
6 3 5
7 2 10
8 1 4
9 0 2
3 7 11
6 4 4
7 3 7
8 2 10
9 1 9
4 7 12
5 6 11
6 5 10
7 4 4
8 3 3
9 2 6
1 11 4
2 10 2
7 5 11
8 4 11
11 1 3
0 13 3
1 12 5
2 11 2
3 10 3
4 9 9
5 8 7
6 7 13
7 6 3
9 4 5
10 3 7
11 2 3
12 1 7
0 14 6
2 12 6
3 11 2
4 10 2
7 7 7
8 6 6
9 5 4
10 4 5
11 3 7
12 2 4
13 1 2
2 13 4
3 12 3
4 11 3
5 10 4
8 7 4
10 5 4
11 4 9
12 3 5
13 2 4
14 1 3
3 13 5
4 12 5
5 11 2
7 9 5
8 8 4
9 7 9
10 6 4
11 5 7
12 4 4
13 3 4
14 2 5
15 1 4
3 14 4
4 13 6
5 12 7
8 9 3
9 8 3
10 7 6
11 6 5
12 5 4
13 4 4
14 3 4
16 1 4
3 15 4
4 14 5
5 13 3
6 12 2
8 10 5
10 8 5
11 7 6
12 6 8
13 5 5
15 3 4
5 14 6
6 13 4
7 12 4
8 11 2
9 10 3
11 8 4
12 7 3
13 6 7
7 13 4
8 12 3
9 11 2
11 9 7
12 8 4
13 7 2
7 14 5
8 13 4
9 12 2
12 9 6
14 7 2
15 6 3
8 14 3
9 13 6
10 12 2
16 6 4
8 15 5
9 14 3
10 13 2
11 12 3
17 6 3
10 14 3
12 12 2
13 11 4
14 10 2
10 15 2
12 13 3
13 12 4
14 11 2
15 10 2
10 16 4
12 14 5
13 13 7
14 12 3
15 11 5
13 14 5
10 18 2
12 16 4
13 15 3
14 14 3
14 15 4
14 16 3
15 15 5
15 16 2
18 15 2
