0 0 3
1 0 2
0 2 3
2 0 3
0 3 2
1 2 5
3 0 3
0 4 4
1 3 5
2 2 6
4 0 3
0 5 4
1 4 4
2 3 2
3 2 10
5 0 7
0 6 8
1 5 12
2 4 3
3 3 2
4 2 9
5 1 4
6 0 2
0 7 3
1 6 3
2 5 11
3 4 9
4 3 8
5 2 5
6 1 6
7 0 2
1 7 10
2 6 9
3 5 5
4 4 5
5 3 6
6 2 6
7 1 4
8 0 7
1 8 6
3 6 13
4 5 9
5 4 5
6 3 4
7 2 6
8 1 7
1 9 6
2 8 5
3 7 8
4 6 6
5 5 8
6 4 10
7 3 6
8 2 3
10 0 4
0 11 2
1 10 4
2 9 6
3 8 6
5 6 4
6 5 9
7 4 3
8 3 8
10 1 6
11 0 2
0 12 4
1 11 6
2 10 5
3 9 5
5 7 9
6 6 4
8 4 9
10 2 5
11 1 4
12 0 2
0 13 4
1 12 3
2 11 5
7 6 6
9 4 3
10 3 4
12 1 2
13 0 6
1 13 5
2 12 2
8 6 11
9 5 2
10 4 2
14 0 5
0 15 5
5 10 2
7 8 6
8 7 7
9 6 3
10 5 3
11 4 8
14 1 4
1 15 3
3 13 5
5 11 2
6 10 3
7 9 7
8 8 5
10 6 5
11 5 5
12 4 6
15 1 4
4 13 4
5 12 4
6 11 2
7 10 5
8 9 4
10 7 4
11 6 8
12 5 3
6 12 3
7 11 2
8 10 2
10 8 4
11 7 6
12 6 4
13 5 4
5 14 6
7 12 4
8 11 4
9 10 2
10 9 6
11 8 9
13 6 2
4 16 4
6 14 5
7 13 7
8 12 3
9 11 3
11 9 3
12 8 5
14 6 2
15 5 2
6 15 3
7 14 4
8 13 4
9 12 3
12 9 7
13 8 7
15 6 3
8 14 3
11 11 3
13 9 5
16 6 3
9 14 4
11 12 7
12 11 4
13 10 6
14 9 2
17 6 3
8 16 4
9 15 3
11 13 4
12 12 3
13 11 2
8 17 3
9 16 2
11 14 6
12 13 2
13 12 2
9 17 3
10 16 3
11 15 4
12 14 2
13 13 3
15 11 5
13 14 2
15 12 4
16 11 2
11 17 3
15 13 2
16 12 2
13 16 4
16 13 4
17 12 2
14 17 3
15 17 2
16 17 2
