0 0 2
0 1 3
1 0 2
0 2 16
1 1 5
2 0 6
0 3 4
1 2 17
2 1 4
0 4 4
1 3 3
2 2 4
3 1 3
4 0 3
0 5 6
1 4 10
2 3 3
3 2 8
4 1 2
0 6 9
1 5 5
2 4 9
3 3 4
4 2 5
5 1 5
0 7 12
1 6 5
2 5 11
3 4 4
4 3 4
5 2 6
6 1 4
7 0 3
0 8 7
1 7 6
2 6 8
3 5 7
4 4 8
5 3 4
7 1 2
8 0 2
0 9 6
1 8 5
2 7 12
3 6 4
4 5 9
5 4 8
6 3 12
8 1 4
9 0 3
2 8 9
3 7 6
4 6 9
5 5 3
6 4 6
7 3 4
10 0 5
1 10 4
2 9 7
3 8 7
5 6 11
6 5 4
7 4 2
8 3 8
10 1 2
11 0 2
0 12 3
1 11 3
2 10 5
3 9 5
4 8 10
6 6 7
7 5 7
8 4 7
9 3 3
10 2 3
11 1 3
0 13 6
1 12 6
2 11 6
3 10 8
4 9 7
5 8 11
8 5 9
9 4 8
10 3 3
11 2 6
12 1 2
13 0 7
0 14 5
1 13 5
2 12 6
3 11 2
6 8 2
7 7 4
9 5 6
10 4 7
11 3 2
12 2 3
14 0 2
0 15 4
1 14 3
2 13 5
3 12 2
5 10 6
10 5 3
11 4 4
12 3 7
13 2 2
15 0 5
2 14 6
4 12 7
5 11 2
7 9 6
11 5 4
12 4 6
15 1 3
4 13 4
5 12 3
6 11 5
7 10 4
8 9 10
11 6 6
12 5 6
13 4 3
16 1 3
4 14 4
5 13 4
6 12 3
7 11 4
8 10 2
10 8 8
11 7 5
12 6 6
13 5 3
14 4 3
5 14 5
6 13 6
7 12 2
8 11 8
9 10 3
10 9 6
11 8 3
12 7 5
13 6 5
14 5 4
15 4 3
5 15 5
7 13 3
8 12 3
9 11 2
10 10 3
11 9 5
14 6 4
15 5 2
6 15 5
7 14 6
8 13 2
9 12 2
10 11 2
11 10 2
14 7 4
15 6 3
16 5 2
7 15 5
8 14 6
9 13 3
10 12 2
11 11 6
17 5 3
8 15 4
9 14 3
10 13 5
11 12 2
12 11 3
9 15 2
10 14 2
11 13 3
12 12 4
8 17 3
10 15 5
11 14 3
12 13 3
14 11 2
15 10 2
9 17 2
10 16 3
11 15 4
12 14 2
13 13 3
14 12 2
15 11 2
16 10 2
10 17 3
11 16 2
12 15 3
13 14 4
14 13 6
16 11 3
12 16 4
14 14 6
16 12 3
14 15 2
16 13 3
15 15 4
16 14 3
15 16 3
16 15 2
18 13 2
17 15 3
