0 0 2
0 1 5
1 0 5
0 2 3
1 1 3
2 0 12
0 3 4
1 2 6
2 1 9
3 0 6
0 4 6
1 3 9
2 2 8
3 1 7
4 0 9
0 5 14
1 4 11
2 3 4
3 2 3
4 1 2
5 0 2
0 6 5
1 5 3
2 4 3
3 3 2
5 1 2
6 0 2
0 7 4
1 6 4
2 5 11
3 4 7
4 3 10
6 1 6
7 0 3
0 8 6
1 7 6
2 6 10
3 5 7
4 4 6
5 3 8
7 1 3
8 0 10
0 9 8
1 8 7
2 7 8
3 6 12
4 5 3
5 4 7
6 3 8
8 1 2
9 0 3
0 10 5
1 9 7
2 8 6
4 6 12
5 5 13
6 4 2
9 1 6
10 0 7
0 11 2
1 10 2
2 9 5
5 6 2
6 5 3
8 3 3
9 2 6
10 1 3
11 0 4
0 12 3
1 11 3
2 10 3
4 8 11
5 7 6
6 6 2
8 4 5
9 3 3
10 2 4
11 1 7
12 0 7
0 13 3
1 12 6
2 11 7
3 10 3
4 9 5
6 7 8
8 5 12
9 4 7
10 3 4
11 2 3
12 1 6
13 0 2
0 14 4
1 13 3
2 12 6
3 11 6
4 10 4
7 7 4
8 6 3
9 5 2
10 4 6
11 3 3
12 2 3
13 1 4
14 0 4
1 14 4
2 13 4
3 12 3
4 11 4
5 10 4
8 7 4
10 5 5
11 4 7
12 3 4
14 1 2
15 0 2
3 13 5
4 12 8
5 11 3
6 10 2
7 9 8
10 6 6
11 5 3
12 4 7
13 3 2
4 13 3
5 12 4
6 11 2
7 10 2
10 7 4
11 6 4
12 5 8
13 4 2
14 3 4
2 16 4
5 13 5
6 12 2
7 11 4
8 10 5
9 9 2
10 8 6
11 7 5
12 6 6
13 5 6
14 4 4
15 3 2
5 14 5
6 13 5
8 11 3
10 9 10
11 8 6
12 7 6
13 6 3
14 5 5
15 4 2
8 12 4
9 11 2
10 10 2
11 9 3
12 8 4
14 6 3
15 5 4
3 18 2
7 14 6
9 12 3
10 11 3
11 10 5
12 9 3
16 5 3
6 16 4
7 15 4
8 14 4
9 13 2
10 12 5
11 11 2
14 8 6
7 16 4
8 15 4
10 13 6
11 12 2
13 10 7
14 9 6
15 8 3
10 14 3
11 13 2
13 11 2
8 17 3
9 16 2
10 15 3
11 14 2
13 12 3
14 11 6
15 10 2
13 13 4
14 12 6
12 15 4
13 14 3
14 13 2
17 10 2
12 16 3
13 15 2
14 14 3
16 12 3
16 13 2
13 17 3
16 14 4
17 14 3
15 18 2
17 17 3
17 18 2
