1 0 2
0 2 17
1 1 3
2 0 3
0 3 4
1 2 4
2 1 2
3 0 7
0 4 6
1 3 2
2 2 3
3 1 6
0 5 3
1 4 10
2 3 10
3 2 2
4 1 3
5 0 3
0 6 7
1 5 7
2 4 10
3 3 12
4 2 4
5 1 7
6 0 3
0 7 7
1 6 8
2 5 6
3 4 7
4 3 16
5 2 4
6 1 2
7 0 3
0 8 7
1 7 9
2 6 4
3 5 4
4 4 9
5 3 2
6 2 7
7 1 7
0 9 4
2 7 4
3 6 6
4 5 14
5 4 12
6 3 9
7 2 10
8 1 6
9 0 2
1 9 9
4 6 6
5 5 7
6 4 9
7 3 8
8 2 12
9 1 6
10 0 9
0 11 3
1 10 5
3 8 10
5 6 6
6 5 8
7 4 4
8 3 5
9 2 2
10 1 3
0 12 6
1 11 3
2 10 2
3 9 6
4 8 4
6 6 5
7 5 12
8 4 2
9 3 5
10 2 2
0 13 4
2 11 9
3 10 2
4 9 9
5 8 4
7 6 7
8 5 8
9 4 4
10 3 10
12 1 3
1 13 4
2 12 3
3 11 3
4 10 3
6 8 12
7 7 5
8 6 12
10 4 5
11 3 6
12 2 5
13 1 3
2 13 5
3 12 3
4 11 2
5 10 2
7 8 12
8 7 3
9 6 2
10 5 4
12 3 5
13 2 3
14 1 2
15 0 2
3 13 3
4 12 2
5 11 2
7 9 7
9 7 3
10 6 8
13 3 5
15 1 4
3 14 5
4 13 4
5 12 3
6 11 2
7 10 2
8 9 6
11 6 2
12 5 6
13 4 6
16 1 2
2 16 4
3 15 5
4 14 5
5 13 4
6 12 3
7 11 6
9 9 9
11 7 6
12 6 3
13 5 6
3 16 4
5 14 4
6 13 4
7 12 3
8 11 6
10 9 6
11 8 5
12 7 5
13 6 2
14 5 5
15 4 3
7 13 6
8 12 3
9 11 2
10 10 2
11 9 6
12 8 4
13 7 6
15 5 3
16 4 2
6 15 5
7 14 3
8 13 4
9 12 3
10 11 4
12 9 7
13 8 3
14 7 4
8 14 3
9 13 2
10 12 3
13 9 3
9 14 5
10 13 6
11 12 3
10 14 3
11 13 3
12 12 4
15 9 2
8 17 3
9 16 2
10 15 4
11 14 3
12 13 3
13 12 6
14 11 2
16 9 2
9 17 2
10 16 3
11 15 4
12 14 4
13 13 2
14 12 3
15 11 3
17 9 3
9 18 2
12 15 2
13 14 4
14 13 4
15 12 3
14 14 3
15 13 2
16 12 3
14 15 5
15 14 3
16 13 3
14 16 3
15 15 4
16 14 2
15 16 4
16 15 3
16 18 2
18 18 2
