0 0 7
0 1 2
1 0 2
0 2 5
1 1 3
2 0 4
0 3 7
1 2 4
2 1 11
3 0 2
0 4 4
1 3 3
2 2 12
3 1 11
0 5 6
1 4 12
2 3 7
3 2 3
0 6 5
1 5 3
2 4 3
3 3 2
4 2 13
0 7 4
1 6 3
2 5 10
3 4 3
4 3 4
5 2 2
0 8 4
1 7 10
2 6 11
3 5 6
4 4 4
5 3 6
8 0 7
0 9 7
1 8 10
2 7 9
3 6 5
4 5 14
5 4 15
6 3 5
7 2 3
8 1 2
9 0 5
1 9 7
2 8 10
3 7 6
4 6 8
5 5 7
6 4 7
7 3 6
8 2 11
9 1 3
10 0 5
0 11 9
4 7 8
5 6 6
6 5 10
7 4 7
10 1 2
11 0 4
1 11 2
3 9 11
5 7 4
6 6 7
7 5 4
8 4 2
10 2 4
11 1 6
0 13 5
1 12 3
2 11 3
3 10 2
6 7 8
8 5 7
9 4 7
10 3 3
11 2 9
1 13 4
2 12 7
3 11 5
7 7 6
8 6 11
10 4 3
13 1 3
14 0 2
2 13 3
3 12 2
4 11 2
5 10 2
7 8 6
8 7 10
9 6 7
10 5 9
11 4 4
13 2 5
14 1 3
3 13 6
4 12 5
5 11 2
6 10 2
7 9 11
10 6 7
11 5 2
12 4 6
14 2 2
15 1 3
2 15 4
3 14 3
4 13 2
5 12 4
6 11 4
7 10 3
8 9 3
9 8 4
10 7 9
11 6 3
12 5 2
13 4 5
15 2 2
16 1 3
0 18 2
2 16 3
5 13 4
7 11 4
8 10 2
10 8 5
12 6 4
13 5 4
14 4 2
16 2 4
6 13 5
7 12 4
9 10 5
11 8 7
13 6 6
15 4 5
16 3 3
6 14 3
7 13 2
8 12 6
9 11 3
10 10 2
11 9 7
13 7 6
14 6 4
7 14 4
8 13 3
9 12 2
10 11 2
11 10 2
13 8 3
8 14 4
9 13 4
10 12 3
11 11 8
12 10 3
8 15 5
9 14 4
10 13 5
11 12 3
12 11 3
13 10 2
10 14 4
11 13 4
12 12 8
13 11 3
14 10 3
8 17 3
9 16 2
10 15 5
12 13 3
13 12 6
14 11 3
15 10 3
10 16 2
12 14 5
14 12 3
15 11 5
9 18 2
12 15 3
15 12 2
16 11 3
14 14 3
16 12 4
15 17 3
17 17 3
18 18 2
