0 1 7
1 0 6
0 2 4
1 1 2
0 3 10
1 2 2
2 1 8
3 0 2
0 4 4
1 3 3
2 2 2
3 1 5
4 0 8
0 5 3
1 4 5
2 3 4
3 2 8
4 1 3
5 0 2
0 6 9
1 5 5
2 4 3
4 2 9
5 1 3
6 0 3
0 7 11
1 6 7
2 5 5
3 4 9
5 2 3
6 1 3
1 7 6
2 6 5
3 5 8
6 2 7
7 1 6
8 0 7
2 7 10
3 6 3
4 5 8
5 4 14
6 3 6
7 2 3
8 1 3
9 0 4
0 10 5
1 9 6
2 8 7
3 7 5
4 6 4
5 5 12
6 4 5
7 3 6
8 2 5
9 1 4
10 0 5
0 11 2
1 10 3
2 9 7
3 8 8
4 7 7
5 6 6
6 5 8
7 4 4
8 3 5
9 2 2
10 1 2
11 0 8
0 12 5
1 11 3
2 10 2
5 7 11
6 6 10
7 5 6
9 3 5
10 2 6
11 1 5
1 12 6
2 11 3
3 10 7
5 8 10
6 7 5
7 6 9
8 5 3
10 3 9
11 2 4
12 1 2
13 0 4
0 14 5
1 13 4
2 12 6
3 11 4
4 10 3
8 6 3
9 5 7
10 4 4
11 3 9
12 2 8
14 0 3
1 14 5
2 13 7
3 12 5
4 11 4
6 9 6
8 7 3
10 5 5
12 3 5
3 13 3
4 12 4
5 11 2
6 10 3
9 7 5
10 6 5
11 5 5
12 4 4
13 3 4
4 13 2
5 12 6
6 11 2
7 10 3
9 8 3
11 6 8
12 5 8
13 4 4
1 17 3
5 13 5
6 12 5
7 11 2
8 10 2
10 8 4
12 6 4
13 5 2
2 17 3
7 12 2
8 11 3
10 9 5
11 8 4
13 6 3
14 5 4
15 4 2
8 12 3
9 11 5
12 8 8
14 6 5
15 5 3
8 13 5
9 12 2
11 10 4
14 7 5
15 6 2
4 18 2
8 14 6
9 13 3
10 12 3
11 11 5
13 9 5
15 7 3
16 6 3
8 15 3
9 14 2
10 13 3
11 12 7
16 7 3
8 16 4
9 15 2
10 14 3
12 12 3
14 10 2
9 16 2
10 15 3
11 14 4
13 12 6
14 11 2
15 10 3
12 14 4
13 13 6
15 11 3
12 15 3
13 14 3
14 13 4
16 11 4
17 10 3
10 18 2
14 14 2
13 16 4
14 15 5
15 14 4
15 15 5
15 16 2
16 16 2
