139.05582280533122
8280.595159814744
760.0085858098839
2079.631804430717
1259.0327231997194
737.6574286952966
1097.940067677846
5204.589776259196
1516.7224827736013
1153.520031830305
3934.1755400142047
2808.7252731055564
810.4945403945927
1406.0855108942799
1039.2328487957855
2603.077973741342
1377.0721314259006
1527.9073584914654
5147.275028483802
5673.445815986404
2172.3592441525047
2016.402705167138
917.170472338732
1469.2715658915777
2107.369612695079
1422.1773863345732
1583.3066385154852
4463.792982576983
4288.752141779115
1092.5949181735004
4474.945606864832
4078.234978465571
1532.3493497149004
1191.6106119856333
1866.8491428150485
1007.1215180366514
1269.9588214621342
2400.032787352469
1544.5227751648058
5312.580174680328
5042.843844444437
2522.495315580702
1302.467414560505
3093.4084769610013
1075.5754205976177
813.712410554392
1783.3907347202387
1809.239592355907
856.5976566104373
2174.1711706425986
1312.8642630883617
659.1200555579591
1840.9318800251658
1933.2401186465481
823.9279571551359
1579.873960329342
1651.0652287187165
783.9791124205219
888.5618473341192
1440.4869360067376
974.0952242269044
2250.598652133097
1923.4015959297838
685.740663981122
4002.2921400837936
1924.2307603454294
1487.4069565003267
3105.9811776149204
863.5179391872473
799.5778889187281
3370.029867347482
1538.4538219681028
2988.875427561194
1722.1547030399254
935.5071404980212
3274.1442218353563
784.3038188124648
6187.321425029952
3750.5761782856366
2607.3448546588447
1788.9197316498748
756.6564720095357
1008.2674628331146
3978.0894701443167
4357.6408522771635
1647.0728908465621
652.6946151772397
934.9753176549424
1935.4362401504802
1322.4162644898204
1229.0985484443793
3836.0296050042157
1050.7584540256862
1820.0809917263166
2619.2411324327522
975.8773249563186
1363.238972462712
3686.045540067927
5007.230038512574
1287.326162782772
