628.9712728075873
2118.435928645445
1128.1579207911282
901.369946379069
1593.608036700386
1722.0211940959227
1429.6552562092547
1066.1756009178725
2493.7391940434836
2261.8750891043187
2083.3952904704784
5846.5292309323
5536.183488750658
947.1385045498819
5402.571490300959
1751.5459362268846
1803.9501953605882
1719.2427088194218
5037.261907174124
2001.5285395908904
911.4559812290554
1720.178658395641
1545.8873012555125
786.2744913817595
2186.8561519860846
2612.5630244199947
2047.3124051593852
942.959929228687
1577.0029202306057
1056.2863908773297
931.1692633346636
1097.1154283974968
632.1607181239946
1020.6221404575874
1382.1549314749816
975.343921776562
1664.322596564489
1471.9887020573412
2085.6550282287276
872.1664526279532
2259.1268713409895
1950.7858753509404
979.2357116063162
5640.893749471446
1278.6703679892744
3764.530720531994
872.352472193388
2446.7144170799397
4992.109655635298
1799.145049591662
796.9441772924273
1909.6736864351349
3765.573312413687
1493.7796896203279
1572.3329942261469
1790.6236817625397
1314.2005628661566
943.8507327983032
2660.2728088145373
1317.9760288220466
5987.982363777706
730.9549587757296
1031.1504226374498
987.1006455710652
780.73430916765
2118.906318454498
4667.656784633903
841.369150987344
3508.468103102116
1378.7721497906678
1011.0407741944075
825.404895720388
1874.7731245096322
2405.861999523533
2626.3623172058756
193.40630083739123
3559.6209888241447
1410.1126001999228
1484.196529303063
857.3160670750095
2335.4005721693716
3050.3041225765
1084.0181931757324
2597.3810541467337
1338.1093679835476
1659.1981649348845
596.3365462194872
1197.1038684259986
732.5916647904829
3220.860597858597
2306.28243146596
2629.546729452567
1286.232783925862
1668.1656905892924
2989.638887866308
1123.2069653892613
2407.7756635082224
1717.1926566686868
2019.748797457955
2666.309976678145
