628.1734482087268
2128.6441342865523
1136.1676594485887
907.1847862583984
1597.6040250102078
1724.2746519650195
1431.7273403626205
1066.1756009178725
2511.2231986918
2280.0805463740207
2068.625906994493
5864.111679652445
5546.304595528175
946.0143720075783
5376.199214295845
1738.3594398341154
1812.3418849260772
1729.9075562859966
5074.145482634821
1995.4258126513107
910.3216380949735
1721.297983029323
1543.9969499941863
780.1454393222655
2181.87032930595
2621.3224215368755
2051.4891526867464
941.308041056737
1575.5118585337743
1049.0205933292714
914.1930631182017
1091.7753617114001
622.2059462209166
1022.7572101716178
1388.0905504055834
975.343921776562
1655.7210736203638
1471.9887020573412
2075.62660941223
871.7057114073858
2266.8941127530475
1957.6750386623455
979.2141736011687
5669.666154236043
1276.6198502057696
3757.181307017784
877.7261865620393
2456.9685306448478
4992.762155671158
1807.003144088501
791.5433822518497
1896.236365520727
3774.5909935691498
1483.9486632526864
1582.6943004822735
1784.2307522176266
1304.9216305531572
947.1997702489235
2664.1958782026068
1320.8618999926368
5996.806419804819
737.7340609045772
1036.1910543144186
993.6584229713678
781.335294857673
2108.7560445371323
4687.510979613059
838.3812051151046
3491.6052184034893
1377.6928223058235
1016.1004139859689
824.4657773569575
1859.3286216691522
2406.8030525557137
2643.4994885072724
190.9194446890124
3569.5984948321075
1414.877299008751
1487.2555171310032
855.6508104897249
2349.351056312012
3051.7783015837763
1084.3906112447607
2617.1298529286682
1340.6981770592122
1661.628825883148
596.3365462194872
1198.6050301877492
732.8483983065611
3207.0497156516685
2317.9688499148283
2651.4583691271523
1292.6618272765616
1679.7593536476902
3016.8113668111696
1129.7171487726757
2420.7320567831057
1727.7777260741116
2027.6702827808074
2665.8299395445893
712.0904169826206
3870.9311012239136
3025.58826695567
2826.6586925327483
1019.880583023045
1158.381849232112
1906.5103463755856
1417.1557314245358
2174.8819363861717
862.1172014595971
4491.807466467046
1265.538371212831
1346.8433197825857
5520.543058451579
952.0814715227418
3168.078199596908
3049.47828522363
1016.190837632509
3633.5165630285514
697.6763402555949
1189.2135980270657
1548.2589825296964
1796.7896309306732
1117.0989768318675
2168.547896993026
3169.171627480884
3233.388809088521
2652.743174504685
3296.6277119085785
2205.05302598215
3006.6932844777807
3391.204772444274
1166.7873587024244
1306.1449719968884
1424.1754500382283
614.3995165379343
1058.4035266175852
1487.526507570323
617.5048617997242
1642.6244158655893
3944.6467425094174
3962.9582540851766
3178.1730764031045
5491.969052126968
807.4022086660366
1014.0213586779589
2958.482847298432
978.324444616811
1710.2945417764458
1015.752689255716
5136.551924808895
928.3733948135464
1982.0981595977532
2544.6370859392755
3894.021126426592
755.5415490349011
1126.641619847154
1155.5328950116532
3979.2728164693754
2479.260218442027
1465.2171191199486
954.6263618702942
924.8306404576241
1903.4973057785278
1640.6406940193312
1283.5323762318399
875.2272340549248
1533.153125902028
841.8488926410544
2180.8606756329223
2356.287562714124
1460.4999201087655
1436.5297310261576
974.5248430134336
884.2097841232111
606.9245302116287
2802.868120592562
830.6407847220971
669.612818288048
4110.0361804659005
4520.100992052586
2143.3420774896895
1872.4982061110402
1817.0446360045685
1320.1994874947086
3901.214829101489
1232.1589759090698
697.8712488011113
1409.761212421432
3213.632846597029
1245.235109406765
895.3027846573852
844.1000649500622
2915.0774280563883
980.8560400964817
3009.443586949862
1718.1867732870996
922.0926032955086
1481.9534218339977
951.3432882372796
575.286154261309
901.7575380657596
1107.9205273681732
1324.007326289132
1324.414422015209
844.7028496625761
1116.4633175729055
934.494394715242
1586.0102876123103
5255.699425151414
1869.7399456410574
2197.0270419185886
3543.5878269634786
4339.492643058618
1903.6707639795507
3801.638161674795
3739.4281013242316
1514.5154531647147
3479.7032506103455
1308.6975985369106
5641.498824831412
1753.2204877617326
1097.65523936713
2255.7213212584993
1935.716011071863
802.3525906880498
514.00663281311
5105.6786106822865
1914.9706866486756
1250.024771663258
901.0665425877652
1468.0475549429896
1411.8759198528562
985.3972456615634
975.592804856046
1755.5881786899768
758.955603871233
847.0252025170703
785.9899204414671
1123.6379060777363
2255.6908785505384
1515.2244956811442
1337.456426699703
1444.5131246839517
1294.5659628447534
1330.733970000867
1250.5548573500027
1130.511757626439
6309.9702785445725
2173.9133447553654
1287.909559270636
1638.0335088785719
2691.074958307572
1138.3445404101228
3914.2846764966907
2608.7472774174184
2524.478648613781
2863.766389839857
2238.1820333855185
994.531123719692
1883.9361780591928
2815.309674713666
1192.7727554165704
997.7531298503422
2707.1539417379354
1246.464276001461
4451.9432293269665
3514.9626275270275
742.2786670435054
2143.2693238223765
5289.820046384345
883.5349482492569
1915.618905805027
2326.931686253445
967.4593257300814
306.1915254295724
1445.3107473937348
1225.805360664841
2078.942764560524
2255.901278871815
947.7287927857645
5727.88324796786
1414.2400198131338
998.4363991139907
2291.236377037365
885.5755531643285
779.6738332976811
914.389778375592
1653.2130229098395
3310.440551852584
1113.7987414644099
2652.6946282566046
3007.077467196224
1435.5816294298133
859.2827181749705
1241.7358043717088
1029.2908280670317
2733.643456763156
4406.570301656748
5996.830320512228
1692.6482644865737
2589.515580040636
944.9157328662795
1694.9465021834626
927.6810660255908
3997.772245169287
863.4754371188745
1149.876236972464
905.423943453695
5300.97086013385
3671.8879246629967
2226.7337459851647
1365.5239964102884
1760.3249746576416
1578.2834606058436
796.2892228929172
3080.5774632667753
933.7763524090843
4712.532902078098
2479.828568014135
1757.5375237374299
2895.394653540721
3651.088439773074
1198.6183759732564
1933.8067242993232
3791.002052252679
838.0017085275028
1227.0025754680998
1257.8799724052465
4970.003673781492
1357.3159819142413
4162.726935459786
980.7670718207814
4764.444061103303
4190.976819113257
1126.87194572646
966.8422961707445
991.9359524395225
4178.522750131249
790.9798697472339
4135.284091254692
1508.3706191746364
6023.801933298809
1979.8340006689002
1659.5598233554704
1055.4147159856705
2099.5750802686134
1286.9543533657231
1220.914741325763
1557.9437581287016
1230.939404588662
3817.106531660971
1270.0069446829539
3730.953929064407
773.8219228245543
1218.7112204819352
1576.7081571882607
1021.5936348379435
869.7260868145381
3535.714923130907
913.1862969131959
966.2202471818571
915.2316536273079
3375.695237217477
1886.9604144497807
5919.064199786951
911.8109385467554
884.928025435344
1818.319859709286
2599.1247902340706
2650.012416840333
629.7693150496174
4088.6459069568014
924.3106565187419
2813.024410040863
223.04377111952203
2976.1686485597497
1413.9925057842265
1082.521071817945
1689.2301863768946
4497.251131180949
3050.694946965739
3346.6687391866276
940.7064774593649
1492.5336719786435
682.391983653177
1244.968536254587
608.4110171528677
916.3383645590553
846.753546342469
1617.4481037935193
1059.7942185039533
3120.1606567240437
5140.127271864245
1721.1136049734469
1443.8956376268914
2896.5412041498894
1148.7605770486489
893.8471478860262
2292.826215946584
2457.799975962405
4945.291049814927
5692.386600851626
996.7786075727794
2519.28396846113
1301.6417783648385
5300.379091675489
5077.432082595356
3818.594235915437
1908.3373047643856
2518.9241487119057
4607.685245364304
804.9845909591598
1175.5496111606994
1154.0721625184774
5009.045918101422
979.5498538473255
1726.856890751452
1601.8639091244524
2443.293479307449
985.3257315775618
2735.14037568856
2096.8010932428383
1879.182754592192
762.2698617947902
1693.944393694267
670.7743113074016
2161.1048046966707
999.7360604631538
1379.652031369327
3611.5532789005965
892.0961446077964
613.8985216545193
999.1030016241228
1230.3863604958997
4036.452662201001
1243.4344931791602
3588.1067416077917
694.8385368535393
1116.1275938189697
1937.727895527765
1729.391587763813
3044.097078899415
5691.584729441433
803.5297862456856
967.6979749272354
966.6535627552377
770.6460857210524
1716.878203626592
1059.4913633390836
1081.8855832136367
1571.029382275895
6188.773169210032
4816.260850939724
2118.36421415379
2006.9780632622073
1266.5571455297236
4231.986967724488
1209.2814306756652
2949.877360953135
3813.378012384975
3373.5239890217113
2807.52527042722
1253.6394670346533
1618.469321547126
1631.6838619614407
2235.9988001890247
1549.6688644870906
575.2143778282006
821.2220086288328
3467.4742347659494
1863.652131925832
770.3510728274052
3364.022046199485
1297.242418306285
136.14964270316963
1491.8794158830199
2335.1715539661336
928.9558978360927
1848.0458304133251
669.3820231060068
1618.0353451188016
912.6104327069066
734.0451660179524
826.6018171494615
1483.4612033791798
781.9877146994016
3381.755224263041
1661.336732916144
3328.752020926792
3959.641262658524
1007.9099319138875
903.9847626896701
4748.927675064543
1135.1891097688335
1257.4577970255546
3560.4911753171814
1743.958516834729
4390.003287703323
5409.833636601689
1223.6583160048503
2202.3233221941837
1810.0961614851801
1449.5236377911406
1569.9241925569322
1307.7495475815788
3335.7990562657146
2386.1694352390987
836.8555652160827
948.0239081836907
4481.52140732648
994.4061884879222
2017.2189952531785
928.9909411479194
5058.665779395694
3166.8838035632557
759.7537315855226
2841.9983640553055
1376.5322023440551
1955.9432496498484
1011.605704036966
913.0130099899435
887.8999157791125
3046.0681329254558
1456.2138197001766
1147.090150756498
1397.233436430881
765.6958761251122
2756.735987419813
1818.700247176824
894.6107839946286
895.0031236991501
2839.587592158734
814.3088048994631
1919.914536597127
616.4889335123564
974.0328653932096
602.9736667481683
1018.4390673123894
1118.0833456462801
898.6258741124677
2803.9587700028555
2803.505688328797
1207.2202406894862
2296.7006463016214
848.705083536569
1216.566816197831
985.1944112719842
1538.3399410641443
3197.296693342209
769.3894664812354
1104.6002814943665
4804.326055570699
1308.6105450105708
785.853077588744
3280.845085490709
1392.7390708277442
1328.890478156122
1088.086736124099
1296.6905195743998
3843.5823337326747
3389.9470032773525
4187.7519131467025
1400.7701670322042
1132.4479609687153
4540.872517768806
854.6028241729349
2359.9944786444657
1065.3463764326154
1198.3819304039835
1501.505737730884
3498.498660992417
776.5510006200608
4156.8512480090585
1478.9196029341547
524.8478195443029
4235.9930838517985
957.2996495323425
4048.0756088232542
1684.2196027891862
732.2279971982645
1066.9818769538228
1882.4908557637712
1484.7091654853668
899.9977707007617
2604.939819335547
4802.1475236128845
1086.4148345110268
665.5826817193599
1739.4799469050727
1223.5180984776189
897.640034179685
6122.949927637407
847.1179549705165
1411.1283342882987
1789.4982849274588
5606.740100371642
1726.8988729837217
1414.608845906598
1185.198921005574
2453.092089685165
1752.246141218461
2151.2350826343586
5512.355714387867
4023.465067400056
4681.993454973104
1126.6239648048388
1006.948343883395
2529.100290650018
1275.7906660790154
894.2847763051598
5928.529493754819
2029.8013663898391
1208.4092735521922
1582.0658914448322
1344.9255076639213
1309.0137953110157
1515.8948579074472
2605.7908852920277
3714.3447486510954
1525.7920451881505
2076.8100753030226
5638.5047441088345
2062.6587512809047
3921.4311690737777
1634.71864125993
753.6836755732983
1234.4132113573546
1130.2418355480286
2213.136973086768
1363.8466682353453
857.8703470114733
434.1836123722085
3072.4574943898465
3383.601091308981
3188.5317610271686
3659.1350923028363
1377.8200670271337
1009.6739577290057
1430.1250602108519
5390.07810849036
6206.251448037467
6127.067420645199
4326.921253525668
2309.839079420823
3907.3762193111183
1077.2585580180491
2972.0642222046217
1534.6995744351439
2184.5617522185994
2189.595233779916
3233.6832255588606
899.8455158051905
759.3426266740242
1079.0301703437324
862.0255840765967
794.0473295439301
2018.4154519323602
1375.6376412423078
1053.1492673649432
3105.549862975207
1063.6746879600657
849.0488171988652
4173.167944169333
1073.8486316530261
1254.0415650767973
988.5667567682813
1345.75004034987
1083.1992332824377
950.4590199785955
1147.3212414014758
2987.1458237582087
2720.2090066620203
2708.0584717239344
3453.389312818495
146.4545636882001
3562.283737241857
681.4041655263893
1711.8770481301156
5272.496459772171
2868.5183981290993
964.7281025727535
2160.5920918333
2512.035387103416
884.1331175744875
1252.864148674542
842.7424374281707
1036.941532299737
713.1537799111663
3366.630863793201
3370.9422674104817
5744.164329700332
907.1284116482858
1146.8639340950826
2182.569040269315
2576.890276382177
2256.134448727594
1299.7879584753189
1826.352406238333
956.7603906666246
1041.3904413367345
3207.4964731566574
1088.8024346511024
1335.5462142908214
2052.397194052665
1011.5514349227107
1104.9344050206037
885.5677150060551
1557.616260240746
809.2420962425333
2174.3134967698907
2192.630257447941
1196.3204086053054
1777.1454432153482
1341.8837970963868
1180.9053170365848
1309.3692528856943
5533.549077396446
1774.2709507736113
4727.619869060374
1987.6734103536382
1344.9582242419538
933.2017702437123
2357.4198854580463
1267.2016287345273
1300.3913738215738
461.92266254338006
1359.3506341616924
1217.075514137091
1309.5433069132816
2886.932850646805
1616.1260664174995
551.6861711657563
1116.61580689418
3401.273453365633
4035.787062350732
1671.9279408375207
1276.0629782223366
1791.3188220629381
2712.9000147912484
2277.820086077923
1161.3492637225434
3791.330996513129
816.5981505714032
1947.9989100135367
4356.5367476075935
3632.3216611588855
758.4158989070922
1072.231486117376
731.505643067847
1046.1726748698534
2522.80740403821
3156.572878410257
1153.2420351388437
792.3094095338561
3444.8593083612545
1170.8940794452699
4133.588365458204
2659.731107869797
2210.312455165964
1116.537915963829
945.7178157459344
835.6103065786555
2789.909447436806
1787.3101130123346
845.3197585658188
3019.174676201567
2378.7125731982273
964.8843658394641
1052.4764031320262
1373.3157963956753
4755.770169306724
1179.6182987781126
5177.328313558168
886.1643934040262
135.31538858717798
4045.936337986242
938.3055751808856
848.7495450781502
1671.1574445479157
764.5403719070446
1821.8948673116058
4010.0100516011125
735.7032998328192
4071.677166987826
793.0837747051439
3770.5562403727363
601.5168089989855
4531.823271557801
836.79313217802
2732.616792619414
4793.946746706542
1885.8546972147085
954.6404532096929
2158.4518419377123
4489.500222374694
2016.6206568838081
799.6870091917203
3499.8176865784963
1237.4593683240132
3896.4071270001814
4988.884109989401
2145.6233664416523
2381.7945919065587
3836.0439490861654
3121.7893534142004
1638.8114832369317
859.924564994511
1035.0389642037292
2246.1594608477667
1108.305681753163
1885.0249097274018
2393.5828761761186
1021.1127943849069
4975.865763618152
3832.882858041464
1491.127087640222
1518.3083835919463
2545.9723656575907
3052.870454575245
3477.7948736521894
1502.7518061165858
5688.6434082427795
840.8942438092579
796.4317913006005
746.4756657943426
530.501074832699
754.5064454994657
2223.910529337167
1594.7132269298281
1258.4898660947074
5374.46944171071
981.8951786219609
1137.4432799371284
1743.5015358124472
4025.1331040282525
1960.8315732959254
2302.0685422425568
629.1679761487675
2700.717777107342
2719.8683912360407
2890.30803764662
1093.9723800186307
3598.98066549635
809.4717180512843
855.22151245915
5537.879059531401
1279.7177431307332
4981.149862686904
905.950308380396
1052.9098642949928
3218.3319847771463
1090.5464820266798
1115.4522354455141
5084.137270726213
874.1452178495555
826.7026965809816
1765.383778283621
1641.0240314053715
1315.3580361446138
1279.5634335921102
921.652000194406
3356.7199569628897
5488.6786991005965
1619.000133927298
1605.7266631734522
4699.568649558383
948.9138395336985
1226.8202719502408
1870.502653342507
1157.5871363955016
799.4295274851523
3753.917743766574
2404.9554264546177
1854.1324534156488
148.83962848789474
2184.4586149210886
1659.807235015006
986.1339573607437
5328.203647848708
660.183969692063
1094.6879734268393
1862.9742855735467
2204.0308167192215
1936.515115254978
903.6097361329711
826.02391846002
2178.2725752732513
1628.3240738352258
1056.7399669205813
3249.7912028030287
2668.5779739241857
1407.7463318401674
758.6997320747353
1129.846524946961
2555.3479882612187
1745.7670610988612
1305.611991536314
3478.596195546328
1266.1609546402055
1693.4389677668642
1356.0853576512748
1644.7957091054818
3413.7813754511512
742.3888414492483
1970.4234104674274
4127.926252949826
1284.1611133472127
746.1263743274485
1910.5560495643576
886.8033590146406
3789.5474601341334
833.8400466246424
1547.9395655226763
950.5234804142785
2557.040094920222
706.319596879309
1716.4386780223151
1666.512200111493
643.5181594597053
1474.7609954518675
857.7809388804302
1819.6472137318303
4062.57013195819
2175.322398441112
1528.0706328244244
470.88252820857366
1232.7002226582283
1251.6794585573618
1335.5699349755555
2530.2229856618405
1836.2649559234983
547.1186661999441
2516.682304418252
1955.8588761411675
1489.756930453044
3452.9456018115243
751.8840848126181
1001.5387631021299
2264.2137932615724
3337.4152929480065
1487.308680133401
926.284678798474
1135.800211926157
992.0031960747875
1494.9109544712016
2965.3996953054498
2068.6301373379556
3253.1287988134054
716.1526260900405
2238.4866967681273
1141.4818177023221
1982.0176408616016
2470.4371324170993
932.1254043328724
1268.3094283482044
707.1408904269482
934.444563306064
2239.3653665579113
2920.325511065573
4615.510544569725
1050.3760184500768
1951.7068615532212
868.8030522609347
2703.15200534492
1409.5755826953819
4689.55869001203
1364.4639850991114
1828.9405051173503
1161.0653994916681
2375.9569740959837
1292.9585437566009
1134.6358007669673
2398.2103731896427
1956.9302084586157
178.06402579487124
1466.7168441798856
1402.782947346606
681.965956695193
1631.8215854151026
3538.9692676475634
2091.7877326805738
939.3039240192325
809.0804780218806
3411.846859250884
1808.1742867669932
840.6928939076527
1839.8402795733753
663.0140581025144
1489.6761141566378
2314.902104215516
1117.3311082137384
1859.855906303116
2987.6982423016743
1094.4888700285671
5726.611806872175
832.8685785052973
3359.989493783243
2376.442561526012
1162.55438607476
