136.78399015557045
7687.468575071024
682.8314085035361
1986.8059299367678
1206.7277756248468
733.7807782976654
1059.4434963424262
5022.934577222999
1392.0700119080552
1072.8643934992942
3524.4150025305958
2777.0813580855247
761.1246734013625
1367.8159454643971
1003.372311242199
2552.540078295484
1310.242778116208
1515.715367385977
4642.819430593421
4945.12448392995
1959.3708807405433
1889.383735282665
860.0571932559614
1344.4234326317162
1856.7008573125831
1378.1878591519553
1444.6637525789329
4094.0354227654548
3774.8098962837466
1030.3871617678615
4110.3796466145195
4036.9277748596196
1405.685560815585
1165.2706853808202
1747.739408096105
962.1007994286099
1183.9355707507925
2319.871761401455
1462.5621977157882
5003.1292640551155
4664.856491704333
2388.330178104934
1268.545658183009
2723.9074619824855
1013.7062220809198
798.6876460167248
1611.2405198388137
1740.9128382973822
748.3196341933631
2107.5650082388233
1241.990630574997
647.9636220566153
1790.210826515594
1711.5411651493573
762.2023884565925
1429.0184765606843
1512.9745467737152
801.3617468170847
823.5690594680981
1366.3118325464823
959.3711361752345
2132.4954346011114
1791.7391947647452
668.7370293518561
3916.6393683953265
1693.1941719318113
1335.0509711301663
2734.9567975044642
775.023457818937
741.0887002868876
3281.3036784223013
1475.975155323832
2861.925522306286
1701.586422228546
886.0696581720565
2949.3112550766036
661.9218742282552
5786.707721167706
3683.5921364531337
2433.8790967926266
1636.2162419071194
723.1641487955902
944.0900520354826
3901.88972389589
3954.720239937796
1624.0965633462813
635.1090198284309
857.8378726494021
1881.7960683321246
1242.2028069565988
1076.3362185036685
3605.667733151008
925.6660635604158
1800.9439864874416
2512.0990164863642
909.8723680101812
1302.0186030245566
3600.848834216871
4879.799826587576
1209.17647386417
