15628
71667
56960
31418
104415
17092
22183
24513
26506
24821
25554
23492
36097
37613
30973
33625
6467
10192
7069
67608
74383
10444
11449
76509
5901
9667
39181
8584
10359
54967
66470
96410
108090
28990
50325
38131
14982
99356
64310
30626
9122
23960
12388
17145
21700
42767
9218
68131
20374
20826
23513
7638
29807
19110
11731
19431
18498
43131
25904
100736
11724
57456
43119
17816
129459
35026
12960
59089
9499
51376
68881
110666
50385
23141
47008
12177
13797
5182
8148
26084
3361
19057
44000
7647
12195
26496
66895
18949
34650
122501
123432
32144
68740
127565
15912
61072
90297
41479
21920
71382
97984
54709
26536
5640
51838
67299
28394
29568
14952
65402
25425
98533
9331
32835
28758
37092
71932
123286
7545
100101
51946
71771
33360
127774
35679
20134
17997
59405
12340
22064
20361
28256
66592
93302
25548
22858
18262
27544
2596
51167
30096
32092
54206
76256
24179
42867
99392
22483
10381
39678
41365
33092
23962
88904
12625
50545
85121
30160
32892
112458
17126
45462
3984
5705
30480
33708
45601
111847
30195
53723
69575
14311
65433
11449
77230
33666
20220
50542
13761
10149
98525
10425
2703
46021
15766
74253
114051
6531
17536
25398
40063
114594
10633
39584
17648
59483
77970
21187
62989
63667
30778
118781
75402
16717
14289
31986
3831
61237
34846
16360
11500
13877
50390
8970
14141
18972
18770
42504
133877
60433
25924
23890
118315
8053
113504
30498
33562
16524
19429
24639
28634
28704
81858
16215
102377
17342
23524
16736
20741
58657
6991
27761
24199
3714
75640
143506
28533
89795
9947
25365
15148
72046
92953
52203
14278
4908
107901
33401
6768
46320
22005
56649
3807
96954
19677
80323
26262
7067
24120
39337
35108
29866
41993
42366
9889
28930
139194
22510
31802
82032
84852
30234
13741
10686
6932
75022
10170
8439
82513
46971
43964
24862
39276
51807
37135
34884
10833
21404
7256
77419
93356
29462
9064
24988
93099
48243
21358
13180
19349
50907
60749
58475
52240
18400
27572
35152
42725
48992
48864
60242
17351
82646
11700
35806
8394
85315
10674
45256
12308
43295
41875
8568
2899
98183
91016
14592
27097
21620
87924
69954
5692
10696
28516
49726
21367
10368
92395
13444
93313
41081
35847
32108
20085
17016
63265
16916
21401
53593
52382
20471
2687
8373
4253
48346
70323
54265
12492
49109
66272
30101
20230
4025
41357
24854
10980
30597
35157
11701
41624
49082
7873
21955
44833
20663
6713
81824
12916
140626
81539
56
13007
14721
56555
25518
147046
9506
42700
38422
85685
7622
90646
36156
7286
100300
39561
38553
18715
39535
34871
13734
36626
47215
57924
104552
38960
44761
19895
55810
43082
8749
57479
134285
8666
28349
43567
20693
18291
20619
87166
43934
5352
35083
78610
1739
51302
5393
14348
29277
19968
125331
55543
4701
153709
12394
12236
106025
32350
32374
37132
61723
51831
19775
15304
23427
8833
31842
32233
43228
3916
29299
21008
12081
32795
25242
30916
94807
56183
19827
22231
37809
15873
48300
34071
26862
43193
15669
155110
15921
7389
13262
32691
13667
14443
16129
13590
4600
37199
42090
88566
43004
39033
39065
9453
4430
27319
13002
70710
31446
16358
144293
84090
10273
52310
40782
76754
127004
1490
27866
68876
10047
124113
58236
55440
13547
26016
11140
44214
56970
44559
39969
46509
32547
51579
37831
20809
15513
61740
35325
38068
40982
18023
84024
121812
91981
20762
84759
14004
87396
39467
78997
60813
82049
45728
11371
44142
30339
18409
16648
44333
14122
37284
45737
77548
42297
26602
17310
6706
68715
4886
12525
13805
53963
15487
68552
4539
13917
20751
137062
9902
16014
52192
62946
90266
18394
84626
30650
46222
12786
12627
47991
78965
4446
42918
97079
69975
67110
11081
27662
17951
13228
70541
13124
39239
12337
26622
47618
7563
22874
46641
123240
4493
20086
65897
32074
68818
16675
44875
48741
38541
7348
36075
20016
38584
20706
35304
42810
12038
55790
14443
91941
10809
16266
87961
75282
26772
6800
45492
18489
88793
15814
11022
43961
71272
73974
27099
27797
9863
48615
38936
19810
50158
66966
68639
41332
128249
32171
13070
131536
6545
23218
9763
20465
7890
18284
20608
4595
23195
115184
32284
66458
7460
10809
23928
14157
5965
21912
6578
80516
11023
9221
60280
45121
52220
7919
65885
65182
68335
20396
52124
28940
30903
14302
17187
96040
110213
34601
43482
20432
63203
40011
66856
40277
58938
19542
64555
103011
83986
13878
5642
24831
75167
23433
34261
60408
4398
47357
4425
36942
7738
34397
14899
8806
19168
54968
30352
2918
21844
81956
81412
59332
11197
11520
7901
27329
37936
20122
29441
12664
11705
21628
56568
14890
96123
6698
22053
80658
76923
10599
56714
10168
52562
60776
4969
76257
7717
112045
50157
26573
22804
8484
15734
33524
70037
11969
9219
42878
67693
16335
2284
38826
87902
31447
23628
29141
38227
18341
33123
3718
22215
29583
40358
9832
43254
2954
11643
62285
45354
3986
21388
10568
148223
61947
3767
11914
5739
15292
7893
19379
14735
92057
59279
51232
86425
11857
25280
37726
20544
5262
67162
10087
28409
36975
38011
34894
170238
45196
51245
7839
83453
39006
1517
22049
46314
81667
8543
69483
29380
25812
73977
23613
71122
8688
15128
64201
30359
30919
28562
27675
88787
8360
20284
28945
17407
80754
45705
21800
31302
69939
30473
18431
6201
14566
89820
45844
38071
27084
107485
24913
18605
53292
72690
33362
150152
11403
17010
46712
67728
44080
4816
74374
58673
20347
79630
25449
72013
33623
49090
50994
22480
68154
6513
102522
20883
4308
39512
10030
26215
40594
27669
12805
74798
13917
14703
11309
41010
56163
15033
18021
9175
20010
72845
38710
1336
75331
40848
53426
29133
71838
60150
66562
12208
2192
19390
52195
23146
6075
28253
30844
7216
18370
50243
17567
6513
20943
57011
67912
22657
75397
11403
13902
11869
20117
56672
22662
99013
13801
14756
25473
105482
44414
30061
72735
18117
9256
14788
4085
59840
42733
25608
23638
15443
24394
82624
90712
35505
57595
44832
32327
2001
14283
5976
17045
69611
54320
9180
48730
10721
13930
56553
32796
75241
26732
6463
57937
27532
5948
31879
12825
15424
64297
65039
14615
101041
78268
45731
118687
114713
12845
33695
965
4729
13200
16900
30045
31044
42387
60586
132034
12334
23362
25597
19404
27265
75537
15692
105582
58705
61803
111486
79842
19811
100231
62456
29451
68406
51482
21514
37068
29147
58554
32663
5297
31061
4418
18974
17631
97068
65970
27572
83511
26205
10011
38005
27551
50029
122094
69917
32867
73475
19367
21853
21657
7273
58619
60959
43258
57963
47545
40217
4888
49874
15308
7124
4081
6295
41338
104573
49616
23421
54990
92714
21983
7997
56403
3303
34162
13445
10493
46858
31351
5426
19547
46194
68428
19783
98190
86783
17885
28964
12427
4861
27160
10621
9119
24479
38669
57066
22667
8062
116628
16070
20426
30845
119627
42421
23421
10308
7303
11254
35886
56844
73803
53783
46942
36353
3176
21968
77287
64671
80347
8347
59476
18118
15842
8328
23963
15981
82230
9221
24159
95125
26457
36487
10500
96489
6624
103971
61761
16422
32848
81528
62465
60981
39227
9496
4059
66548
34822
39197
40165
29177
37718
16393
7728
44783
33704
12201
56443
109629
20988
48744
38315
14990
11589
116295
43598
35436
12571
27157
28274
18474
30721
6042
9989
34197
35795
59456
48379
3735
67317
56228
64533
9477
14954
32519
16958
97655
60669
43594
11440
23236
121686
9620
42059
39102
22668
78952
92712
54919
14887
80439
33229
34201
14608
27912
57392
57456
26055
87939
66255
41929
14582
15468
64037
35274
53129
74603
16616
63642
15715
65290
66791
83719
97448
39665
89713
36127
14569
13750
17747
6831
99577
70698
95700
3315
5155
25337
97978
70987
32812
31341
51608
69146
10607
36957
58115
10085
11966
39794
45124
101172
84165
45707
64956
34627
27249
79266
49899
9356
58705
35025
34964
67379
56643
61304
10727
53016
3711
64953
48542
19054
29957
48712
50685
17615
42797
98751
8534
13393
6832
33756
1995
23420
35021
28863
15832
65334
49866
78639
33442
40192
47264
41524
2227
1939
104041
44123
84796
24901
58657
22708
10348
23750
4306
7833
18047
78394
62478
89666
50924
27822
14454
29906
24806
5371
48843
32327
33893
53125
41407
30995
78332
44593
7866
16014
4029
22128
111953
25835
37672
159081
14957
34247
9134
132313
30068
60860
12739
26183
19141
41379
12722
18813
37924
50217
10754
104674
49971
7106
57885
42086
50906
16092
10009
30097
34467
76583
13503
32971
23936
1547
30994
28481
74450
15429
31275
23861
1610
79562
9282
22062
25055
41197
24901
10664
21147
53393
16652
19262
91405
21032
7048
12569
32220
125586
37492
130144
18331
55179
27386
9563
5766
84518
28713
35347
42687
5465
29568
24477
77169
20496
41237
31019
7934
43503
42411
15895
38281
18862
12524
6548
28001
32688
10330
32182
82918
34490
28507
10420
28854
15641
86251
28105
92770
15360
58467
45961
7472
15672
7186
11308
29383
58182
13198
6174
6698
23343
41497
24144
47685
38217
45743
32634
11505
5448
4283
76402
4855
33419
28900
23421
59172
5284
19582
64914
52157
5857
56624
47285
75732
65460
60040
20710
60836
40404
81033
9927
34319
9836
49696
1533
59036
18159
50142
166888
33532
11743
7397
31009
34245
96261
40843
15350
10419
8752
1553
121234
53983
77645
102742
26301
29395
11890
17025
37344
55862
36077
38043
97094
19611
54855
6765
14156
21786
43273
15066
34256
40678
16681
55610
139690
10969
13316
5233
26402
81539
11154
52306
51840
18418
7432
129559
12077
14445
10972
6642
7573
70868
39769
38442
13005
60850
13498
72023
28483
30108
22354
55445
16593
25962
12679
13201
27270
21207
15505
31629
52378
37304
49957
31545
36411
6302
73035
66326
56076
171055
41579
40672
15269
39540
26862
112349
33204
33496
43966
3263
16259
92961
133536
23259
46679
26009
213592
54884
116765
12892
122319
61806
64947
76975
32010
20665
53204
10865
21315
50017
28537
23896
115887
6200
18667
25597
35441
51252
43884
34816
22939
30370
8655
9500
4949
21264
41996
8918
105071
44376
22190
56117
30068
107308
100709
32855
18086
87865
35951
40331
10967
48740
27075
99664
5994
55375
30041
33290
27130
29340
11850
97940
45130
27342
21765
57520
41533
19878
54753
49918
53787
20628
36775
18319
42555
21683
11561
98852
56879
32195
19116
30469
27407
122796
41418
10208
12768
18384
28181
30950
49787
12949
11380
83711
37289
55870
85493
29468
79086
45200
16160
47254
9444
69967
1486
11188
44239
78429
18912
22146
54038
54630
15287
29551
11357
10571
39715
34153
22591
55672
26722
30352
64121
66535
77490
18561
12889
29019
16720
94253
6974
74833
35806
51525
25965
29137
63207
46592
9145
115784
5022
16479
47713
60055
10244
55783
52590
52319
32010
50698
48771
46713
32305
20586
10708
54746
12395
133848
6235
19101
15289
133554
95182
43484
17165
14487
67268
12501
23179
28665
29026
8811
14966
67392
9034
23332
35100
24265
12397
22605
47422
13401
73325
15391
64346
16998
47098
53518
39648
48918
57150
15370
197362
44708
19697
15466
64012
59455
16145
61389
14840
24444
55166
40949
5947
18935
17817
108974
36072
36736
11175
9970
38631
26283
52092
65142
72341
2430
73703
39663
38978
8735
23889
22866
5858
14543
8114
5460
17682
119083
15959
24907
11479
8807
3440
27427
19499
108212
18091
8786
72888
23334
83058
44665
2161
2329
10464
36723
35719
28598
64764
1110
9989
25588
42763
74364
56233
4242
68427
25149
31007
19497
11795
33662
31914
23027
26879
40714
33583
136613
51188
51625
52349
27478
51623
7539
5748
29794
59140
25528
116104
16425
24002
1532
59382
3017
54076
26957
18332
26486
17181
18799
13231
50004
8941
11187
13329
56104
56918
45679
13178
9129
68154
30331
139917
32808
104959
27080
39709
17970
29141
49638
13997
16606
44404
9494
2967
94757
34212
14347
25127
9012
4381
70618
104722
47188
18754
79963
19086
39543
56365
7352
9072
17133
44485
27392
34333
20190
3220
5570
11368
13116
59890
4729
82172
39580
14768
13742
79841
59518
68843
54900
27551
43406
8252
81379
44161
15923
71898
32809
3806
22474
5296
26907
64111
33291
11475
35023
24923
44688
53595
12250
38361
17062
29097
21949
79430
69992
4738
79232
33838
14324
33885
31339
5924
12827
36497
8051
32507
6946
1876
6117
27617
18034
90824
48961
16006
58335
15239
13941
8705
35778
45729
33307
7256
21663
10494
18378
137831
34075
23573
18620
75111
132202
5531
22598
41437
18349
8906
86318
22122
2930
34956
46890
5499
75049
10753
50813
97985
29171
93286
11565
32584
9676
11612
112993
4863
62617
124628
25980
17623
21446
83187
13119
45053
32785
27929
89503
28956
25632
52985
15849
8061
7543
