56475
31017
21171
64443
52707
15156
10772
42658
13105
84154
73509
8262
64791
31590
47686
36461
20765
3951
13324
21076
9717
39318
30351
65651
34675
81919
52634
26651
52028
56638
83911
37653
14701
7966
25461
65387
42254
61321
13002
57784
25629
38140
21484
16216
2314
5733
24896
57090
31142
23086
50436
22133
6780
33914
37454
48003
34762
36544
15396
47092
33921
35087
91734
44202
18858
33042
15684
20083
28656
39080
28074
61118
77117
11112
5015
2877
14508
34074
83239
20681
19472
2046
134894
13648
25605
21702
43519
19725
39435
7147
33945
10373
11704
14900
69863
13337
23450
79514
14351
7524
