15851
48301
26507
46730
97164
16163
33709
29138
49577
12413
88190
17753
16714
4216
7874
10222
31655
38270
78297
192545
68983
38717
4066
85684
89165
19914
18485
27525
13460
12545
20510
66578
30742
25383
31909
51523
27509
43420
44463
69511
47290
20550
14454
121602
3910
4272
6711
107109
4662
130915
15423
50244
29684
15116
48945
187766
22498
24366
111447
58372
20406
128882
80935
87067
133735
69355
14796
87233
137429
15189
12184
13828
19944
4308
20470
25203
23454
12572
26302
8620
29310
56804
34663
52971
7364
49407
26334
26851
6742
2394
80726
94847
50829
13683
16805
98297
37255
78367
28020
94211
