75324
14832
23954
127988
84964
52589
10466
45136
16092
63633
7695
37842
87731
87133
22725
80052
45525
31028
40955
25519
112298
36819
24185
39883
10960
6077
17217
9679
2398
27838
42553
26155
22686
22979
27060
22552
54456
19501
52434
32919
82165
20670
12435
15124
6199
104258
55196
35490
23130
8100
10055
14188
99838
37212
40003
25804
44506
10755
13952
16708
27776
7581
56693
90338
8687
40787
8783
21360
43210
28210
23953
48973
25841
56040
34609
57407
18187
7170
7930
28540
30979
17986
61815
32173
72595
14943
83977
32709
18096
41458
59847
31959
46249
14741
13716
18918
20184
67197
16203
10616
