52779
9833
39113
53286
8096
78460
914
11048
35480
111264
108356
6171
57506
10008
38961
21454
47343
17470
42988
34434
22429
139265
22466
74863
83484
12437
91350
51610
94915
40773
1698
51060
73736
35050
11782
111132
56468
42015
22597
19421
12017
48805
35614
77118
12598
115058
20446
37768
16924
9980
16449
18185
81543
11040
18408
15810
10974
77300
38073
46358
17216
17276
35645
29132
55347
10423
47330
32071
50630
12247
24893
52480
17771
37898
49838
50685
89792
20842
41740
7665
21366
9377
11984
37045
145666
33882
18572
66816
54869
54376
27549
14253
54774
102877
44189
7593
83101
38515
46804
136723
17824
17627
82071
49835
91382
22580
114058
17995
52911
53633
70974
19273
26461
121189
115575
40493
63723
17595
74016
30615
23126
24173
12210
15500
3938
67282
16263
8310
33747
16408
6779
14048
33505
98052
55726
9326
12548
23576
9618
3102
44343
55001
20428
10247
20360
15420
24203
3597
15970
78377
14532
29707
28719
24259
96198
29561
61163
74524
8778
1227
16697
14945
45389
71818
21772
87203
4458
16257
28838
17644
35598
35284
66274
2806
63136
24034
5989
15753
38181
90799
126153
16906
86202
22921
21311
72498
32312
18157
26202
27447
21055
17013
33148
45868
116788
109365
58286
10655
12486
17260
29213
14704
32133
48023
32992
116157
114444
53731
37786
15625
1289
46437
28179
52892
110271
32175
42337
54349
8693
17000
66173
75342
11082
25467
13978
13209
35007
15203
46064
7517
50619
32947
25870
57522
57472
6708
17565
21456
25292
107274
10010
68287
39376
70665
60829
16656
10174
10072
9225
17052
45846
21728
111571
3101
38933
44239
3841
31829
14927
8504
3180
39411
16042
29113
29652
7136
21870
11481
16604
26199
21400
3745
18756
41808
73624
53420
47435
11077
35064
22519
26573
50969
92474
18973
18316
24783
18465
22344
8373
38562
7111
102036
36399
13122
62272
30534
7917
49995
35562
20136
41627
119877
53984
31401
2275
42858
37236
48656
25744
24533
20301
81612
11876
4869
3677
41665
5583
68956
49606
102134
24646
7722
19061
27055
43406
21426
28461
25393
10596
17522
47430
25261
58983
104855
82067
49639
5964
9928
4552
6997
43451
31884
19955
71772
20413
75331
21930
18793
48930
5953
33047
18091
9664
64819
16307
13525
22320
8651
31529
103895
66231
89863
29559
48806
102125
10946
6075
89055
29335
6219
45081
16662
7523
100977
41243
39528
34433
4279
13375
69226
39477
2103
52122
98878
10741
14882
132153
16124
9712
5856
27355
28254
74336
116476
15508
21789
3280
11020
10837
21817
57458
19165
39519
5207
72065
13061
42393
17014
49979
43699
44057
53714
29422
7199
20256
17840
11844
11452
3704
20646
5573
55824
21828
7727
22505
10471
21647
34869
18575
56096
6938
125175
55357
4424
24658
10075
8147
33963
5500
8514
13662
90846
15655
23796
14582
60492
54511
50505
11159
42745
45832
50084
3621
6348
78592
26364
90780
22120
29479
18725
17818
72397
8751
8527
85563
68118
9240
119812
7102
4836
35096
37579
60540
35224
37496
69832
9996
83128
64025
9173
16398
24081
10460
35850
60424
51451
11742
29736
1828
32676
42046
37758
125157
68915
9469
37716
15071
23041
19428
61018
28869
65922
27811
19608
82209
8779
32889
48621
6709
4121
17438
95955
34695
30115
23543
30762
63037
52651
33676
93212
49482
9481
37703
55181
38386
20657
50817
9670
12035
51090
2798
20409
47340
11401
40217
11466
38961
79828
11851
48028
31721
133424
24961
7595
9658
54632
110079
50307
5216
78759
86784
118671
20659
6339
17638
15629
57211
14989
28558
118502
36670
55226
59625
3070
76336
146868
14764
70117
19106
25224
18672
50495
6244
23792
82987
32297
87464
86741
42071
33028
87994
9360
33685
36070
23443
17862
14302
60705
5106
8226
50691
123367
11494
4030
7060
63523
34877
18923
121543
56045
45368
20802
63506
11732
25158
32550
25321
41997
47541
36944
18214
116180
84410
80614
40410
10434
2851
19978
17619
33273
111897
36074
26480
26120
14054
13223
30228
75360
72929
56448
32523
110325
21916
9354
2338
11270
3861
7914
90816
2475
53933
30648
38613
13167
84527
7107
32467
32015
13025
9528
56052
48097
14035
68034
55426
82240
20602
10674
66084
24096
61741
12615
10795
56644
34100
15945
20796
150928
39859
98230
5930
25430
10080
34624
180656
29305
9669
31191
39801
16912
1930
56141
26648
90639
92121
16003
56097
48417
11089
66283
18029
48502
103768
64241
7070
66340
93599
2968
42880
8411
25483
24892
16777
29335
14541
29451
8791
11662
64294
22096
18418
34590
14151
19210
11199
61958
66491
54792
34841
22599
19116
13321
39358
2409
12602
40294
32800
48585
13405
40187
60349
11631
60554
18713
35741
12905
32495
8766
43604
10341
32753
98378
23667
63123
30027
46151
21713
45296
117580
13414
13328
127522
37801
44260
2252
13285
22882
70856
88709
60218
4786
50508
22919
14118
44843
22034
53972
17608
19764
22874
20393
28504
82666
15331
46509
54845
121686
85580
17591
13301
92487
61470
31260
55062
22296
8580
98967
52201
63878
58258
10771
4239
6036
43694
61011
41674
41427
28706
13598
56339
90400
109195
48737
8038
17920
4108
98158
52285
86703
12944
56135
1839
36528
35488
44299
22337
8958
54122
14334
44240
22357
18079
75834
87182
62957
25962
27368
11501
62285
11464
80264
6596
11647
7478
24795
41547
16358
19960
26709
97733
82369
25864
45969
36289
37129
11611
14081
23800
18446
33886
38124
5930
116488
108718
85325
80419
13785
28261
97076
20267
76339
18098
30546
136021
15758
31621
17273
68423
38461
60092
41372
78771
92698
19045
31902
15201
19676
36862
32513
24761
7842
9334
40013
24362
35090
7942
24917
34628
34685
20289
60519
49476
3472
5522
13799
40717
25984
118968
21047
21319
15351
50876
104188
19357
34258
21582
26916
8092
13174
9672
2083
5506
63260
31993
42991
46281
29209
14202
63692
33248
21695
41497
9578
25206
2194
65496
10803
43866
36133
45462
12021
7005
17700
25950
64138
62317
26700
34780
7706
121792
44878
30902
11336
105233
15643
34494
14238
15420
35605
55083
1503
28181
27157
43140
5447
56167
83461
19715
15518
27888
133797
16079
7547
29416
44074
44610
21427
11860
27478
17056
108516
8552
34001
6101
27545
7293
39204
87556
31677
22106
28702
61624
7800
42686
7805
21721
56023
154014
39290
30396
9991
46580
126148
13778
28328
65425
43302
81781
24336
9603
