87555
58519
2144
10251
56901
10555
48329
4690
107619
108455
12908
52865
65686
31408
39903
13567
76216
8715
56518
51461
70100
32893
123798
197983
92613
38949
37148
15056
92856
22289
24350
2719
18303
72621
68844
77190
11825
41683
20117
97843
47923
7688
20084
35494
17160
107206
13763
6742
7037
11449
35360
91047
7796
80051
16856
5176
10358
14946
20236
31805
12205
13947
65182
84329
83377
51076
2975
9943
10139
5936
35417
19839
18952
19500
12778
34523
10943
68850
49003
52889
95440
10090
62660
24011
27161
15360
85799
13311
68259
33110
14504
61438
22979
1060
43982
35690
63400
22102
63248
14532
90179
50562
8166
15662
26526
37354
10399
42748
13354
19702
93895
36879
8040
6212
19806
45641
13965
14653
2771
53311
34504
3868
10025
158264
6887
30285
23999
46167
3227
47104
38935
44526
21870
11968
136289
26898
1229
63223
9458
20657
91932
90284
40757
7492
44389
96733
15798
10897
18477
42259
20108
30320
13466
34428
12818
13068
13087
31069
19028
33036
23299
49397
105089
3052
16266
34868
40883
30727
48830
32465
25319
45975
33177
25825
22507
38694
13856
58349
11837
10265
82662
53439
19273
22356
18932
17999
74007
28755
10982
43316
62107
80023
36034
20437
59899
7715
108913
11196
70321
83526
77799
50549
61899
25681
41624
76355
7501
55085
30150
52580
41653
31900
139040
9016
33312
78451
52383
18699
80071
95126
26800
99092
105596
62478
30135
9623
532
32651
12602
19997
26076
10343
77957
20985
23809
71571
64178
6631
5876
30577
27220
77149
11685
33947
20214
15880
12336
4226
4668
21873
13100
37034
14619
118911
118099
83508
15494
24020
28676
12594
10339
59899
12313
8837
57378
18303
13313
26744
50835
20635
11723
27204
17291
22130
10242
40641
3415
30597
6311
12592
196110
5524
47468
30009
30811
3927
13955
9597
20474
21794
46490
27498
10137
11615
23073
4745
67184
97800
21991
9427
97098
8939
42718
32379
58398
45538
15127
49464
10612
1511
65576
26460
51006
9053
36524
117196
59078
33872
69259
54935
34662
12047
46427
17542
12310
63627
90160
27758
7594
50469
103054
74922
91854
10253
141617
117650
17789
58389
59847
8211
16639
61954
9834
1772
1509
21865
27924
38214
24851
60560
104959
61731
24895
22709
35502
65697
14108
19826
40820
439
7198
69557
9841
2921
74884
22356
45638
38414
130752
5491
8272
42071
11216
8391
20558
25473
43169
31151
99937
44598
122877
27037
9632
28111
25465
21727
34716
38299
11590
17542
106172
24932
12515
12877
11396
12104
7291
51811
16607
81734
135158
22911
51357
16896
56572
32754
21947
77807
39103
132512
41656
57191
26380
43939
4240
34826
11884
35724
5613
39990
36707
42609
34769
32485
5189
3769
19276
104283
17284
16883
27100
58934
80428
12572
61594
25167
84011
12769
14120
7203
14241
79128
9986
14606
20384
76581
14934
19656
54317
26394
6151
45040
76147
13154
18750
30059
4538
13433
57257
53570
14490
14171
41024
67378
85183
21627
71785
26179
75975
3340
55730
51526
72252
54704
51830
31074
16864
61772
31277
89805
27226
86504
6641
80312
40599
42737
56574
19238
25315
16151
1961
68898
29065
24040
62916
84992
15417
10546
30475
20352
31574
15068
88713
107313
22711
43809
42608
15847
8848
25163
34064
12771
51829
78990
78953
10673
10808
18171
69960
20779
97847
23238
18948
33304
84015
59565
44960
44304
50523
37515
9505
75582
9819
20081
71757
45623
6679
53292
2935
42329
25369
24456
4129
26072
66545
9154
1720
88941
18218
9717
41451
11326
6115
26559
71429
34319
63677
45719
13023
24129
16891
45693
49053
18758
6882
61729
111878
18073
67802
18753
56268
38957
66816
12091
5473
28354
60561
35034
61656
27345
31120
15138
41413
30015
4375
8214
11576
29798
8025
14159
61963
86289
41740
18858
45564
49682
19490
139499
8172
11180
19145
6506
34749
50941
20564
10346
39910
18721
39608
25176
38452
2622
13148
77127
17181
15674
21555
67705
66431
22509
38067
51390
5666
69319
61255
36896
155052
66554
50978
61376
58970
40433
59356
86260
78175
47794
96243
97203
55854
22954
18405
10301
13757
98918
17308
54968
24010
22703
90434
40459
54319
72391
29008
71357
36985
52601
36851
35397
5056
14780
56668
19042
77620
71171
119877
68460
68601
8795
41209
3532
4226
27475
84422
30336
29476
31328
41929
10082
61314
18011
54397
121041
22376
15679
14744
7319
59727
45258
96195
8505
13768
36980
38203
7663
36353
15505
59189
119730
65403
48214
49869
19050
4246
52420
50963
43345
34343
90429
10935
11124
25696
28545
73921
29556
6412
21808
57874
113054
6124
58997
38089
51980
117698
3474
32137
21573
42271
50245
21721
24513
20737
89577
126946
61517
12696
42062
53106
41598
57230
25795
35344
5510
85836
7811
4715
56327
71774
27557
42794
31225
20039
21179
38001
89051
9280
50698
8655
109500
25128
54577
64910
77643
60051
44984
117246
58486
70228
29179
63855
8075
27272
52043
131210
30049
9654
83005
76002
2610
29316
15340
42954
31695
94773
15083
97210
20908
3050
40611
123887
26570
15933
18464
8305
99931
17344
110496
52628
7042
6184
17505
9518
45031
16220
130243
37319
10524
8227
14404
48570
22657
47470
11402
68938
9128
30205
15525
46414
23828
48145
13148
26997
30125
38290
10448
79245
4891
64611
34702
123106
12808
24356
44625
11377
13586
14351
35794
29678
23786
27259
75581
26262
19063
12868
6931
84538
10884
69357
21412
4741
40165
140723
58565
43104
41770
23935
38620
14605
37264
13214
7388
6325
49402
10723
73380
62780
12159
56548
3943
8643
1204
28046
48511
117207
17649
8863
67239
3004
31744
31824
23606
51772
29280
84785
22143
55832
62115
112248
18121
57199
14257
23830
17304
21648
57037
64834
32332
22625
35962
19191
10601
40051
9213
134502
21931
49723
9569
34403
70461
6497
44841
73710
24126
29136
121761
16505
51427
15758
54745
85876
14401
54755
37447
112250
9052
23734
50031
69478
32944
3551
12945
21657
38057
20985
109314
44758
55854
61834
27352
38686
12890
41654
47766
44979
67050
36309
42927
42119
92714
56960
56681
36299
13828
89884
23454
28120
53312
41639
81640
11211
65277
17602
14365
23136
78805
14663
7124
72494
108735
47927
34540
6432
10875
6427
51034
22779
69969
100173
16203
4171
57488
101383
1270
29853
39160
73866
84133
26928
51707
32197
3040
14802
14434
90704
71078
39133
1557
49115
60992
12689
9897
