38916
16631
13591
21308
57380
49726
5355
26235
47524
27056
11188
12902
61113
84520
27771
43804
5875
88864
55023
52238
29471
7532
42892
66358
57420
115210
40145
7015
83787
80135
9948
66198
9254
40983
29528
30772
19325
28628
74097
6984
44980
44639
4100
15174
38543
82963
104066
26717
52213
25164
18030
8552
103131
2508
17290
111681
7782
31166
26157
72438
5747
113343
57040
27935
40969
42958
17471
59066
39945
11076
19484
5449
98546
26951
98172
69497
17354
27543
25426
56012
9377
50822
9731
36114
5970
170507
51323
48857
19178
66305
48692
17131
4682
99458
6038
21390
30820
70032
5114
12102
5340
29126
44687
15190
2918
9834
27368
25657
44392
8475
12046
14969
18236
38365
16166
30282
22406
21724
68565
40973
28440
16831
19000
45853
34571
6729
6624
21876
12616
10505
15471
28754
69846
84152
46540
24428
40357
5546
45041
63524
38954
88240
132828
24521
64456
59875
30848
52042
81676
25667
65532
31255
22518
16351
18522
43108
15079
17548
66500
21824
115141
71761
37398
34303
85477
8343
71899
72016
12463
54087
89139
15489
55138
109410
42326
47052
33853
94006
115239
11376
74051
45084
63826
106842
80435
15409
32407
8695
29653
31014
7913
18433
33956
4345
34887
73975
38009
29554
30087
21032
29273
36563
4062
3970
41758
18927
5494
17762
26054
20624
43469
110607
8133
16097
17663
65517
87606
74859
15791
103856
20627
110214
71098
61607
29061
5007
63736
4688
71808
40796
39965
12686
58761
4300
40099
18729
4943
97840
45042
52063
8612
70508
13314
23980
57300
77320
56467
27685
6805
116793
34632
20040
132334
21455
21111
36994
8552
11783
8884
6018
25156
6944
11110
9258
22625
70015
27956
49476
68326
18575
18082
36583
18913
58565
27538
23738
115720
4938
54938
27130
34210
75995
33127
110678
6957
92881
1764
47042
36500
63163
51293
2384
61102
34587
43631
103033
92390
2568
22379
107217
13470
11235
14642
129542
29907
2359
136529
68164
21266
26933
21031
19566
9222
119602
15740
95885
15207
21336
27289
11593
22196
11164
24681
70434
21971
40883
40687
19550
7731
91971
62863
4008
86527
37308
10915
23859
37850
69123
72421
6217
26189
35181
4918
10977
85956
99797
7845
23993
6463
47108
12126
137466
18265
72448
56936
151638
10940
19596
122064
52201
49063
29721
21062
33053
9811
2116
13906
9632
39297
31267
16278
4767
173922
22949
34816
8025
81224
92161
34308
28935
25817
6553
90929
61731
3040
7652
44921
4528
43051
11161
20087
40749
17122
7324
25073
158562
34917
20390
7889
68015
45236
6800
29636
120803
34443
18306
7343
17298
21885
84851
42037
32339
48779
28953
50024
64063
122374
5534
29642
6833
65702
19169
11845
125687
41709
14117
66769
40794
7241
50820
54052
9660
68088
101324
32855
32187
142962
122706
71820
15577
15338
20661
120891
17253
19555
16753
60299
40100
17494
5973
22258
95718
4129
28377
15312
1293
70370
114316
18659
32985
18146
8249
77650
28007
53530
11565
36515
10807
147318
7213
17492
71145
17405
77800
9198
6326
18141
51420
5481
16254
9490
21877
8930
51939
32838
78497
43963
33069
12114
10384
11767
9894
89653
4426
11845
8417
77108
25442
26392
84343
15395
30282
6833
6594
39565
53178
103248
56365
34158
47079
21673
44576
17255
71717
7233
63620
95710
20158
23126
60888
14729
12650
66378
12266
24150
18890
98658
30439
11428
8124
19269
44730
20422
34358
51512
91924
55783
28490
57880
17269
62920
25969
94322
13645
46978
25982
44631
16101
37155
126085
14317
91607
63940
37599
94154
76406
20189
14324
45104
36423
100018
18233
20990
98615
28868
57581
76277
119165
41901
49723
39879
1746
92447
66293
24764
40377
30841
35954
26650
7047
22944
72176
3241
24477
36644
17960
149991
16255
9215
31264
15037
57257
65350
13818
12182
80698
3459
35873
7137
38693
78577
34012
51746
95494
79099
122585
19589
73811
100663
9518
19165
34274
30195
99082
48472
23875
43421
24635
98353
15455
4413
10942
86416
29925
12985
81160
58742
53859
4193
6694
10633
14062
56821
142167
27104
34873
8266
25097
15706
37048
18059
123856
37091
37980
80133
23813
27016
12586
18908
8258
43594
49151
38526
59931
16712
33898
11714
3686
71072
7644
56367
15232
3682
24726
25175
6124
140396
13933
29161
37532
23070
23389
6663
40853
63025
24991
16128
20059
22072
30861
43783
96637
6871
153611
61066
43015
16013
61098
63009
887
86467
65717
7241
48336
82233
8234
0
21451
14687
34638
60472
111304
73080
11428
28669
5241
37041
11751
13164
39441
85213
39179
12226
33831
105967
72085
66031
4738
7865
61374
34686
72392
37286
53833
12166
65005
68006
21646
45459
3576
25472
58180
17417
92435
47667
15724
47066
18387
26183
5209
3237
33559
29930
4364
59149
21125
2780
36629
62019
67026
40115
12035
6912
4264
13972
45993
19812
29172
26426
107341
52640
56686
10211
24178
12213
58926
35236
52107
44420
12919
35441
32778
18007
49335
8239
20339
68485
110980
16679
102454
36964
8411
27873
16375
102597
22366
28281
28567
9526
100534
47141
8525
42713
14722
64044
64950
105897
72177
13550
7403
13050
19658
68365
86459
26503
39387
57218
58246
12151
25928
30144
26509
55627
6719
6821
16215
6539
48087
15590
24534
39076
70222
17547
55802
31674
32963
16846
31299
68196
8829
31801
75538
19417
66226
100852
27666
59315
36128
29891
23835
42356
15932
99614
13348
101013
70050
67805
30220
10096
106142
16093
81782
59179
6749
9604
17786
119509
15383
11896
15118
12281
15170
36793
38575
18042
11903
119323
27091
61123
24810
19045
105553
9878
21072
15954
14265
75947
63626
10787
8633
23622
45920
107744
24790
4294
85455
10645
49900
15898
31951
34407
40554
65695
29001
41130
27034
47616
4006
127876
94986
58030
81304
64517
50260
16515
2744
25876
14704
5100
68331
15134
11289
35473
72164
83706
43606
31273
7993
74688
14520
62800
11070
12412
152276
40962
37339
18613
20247
53358
31588
91076
78616
2190
69726
18640
57343
40010
35838
49872
40647
29527
30117
30638
39709
99499
14142
27602
11410
28775
21459
80508
16696
49911
34517
103953
10997
68401
35110
11437
17454
19050
8193
47013
22784
4900
15548
13621
5871
85121
16026
152460
11099
26625
26990
82997
20410
15202
55393
36395
59287
4694
32383
34387
16073
44225
6927
19456
24460
5440
50124
67864
30253
2464
50384
4542
10043
13294
87172
50234
5103
