38013
67802
14169
48007
69333
26988
6681
35494
89018
77426
15046
44902
14345
1555
6332
12869
14644
14285
50430
75467
16627
22568
39618
12087
19095
90732
39564
63777
33990
3904
56530
27020
19165
72955
71776
22931
35692
47943
22030
19450
6528
19413
88459
7301
31726
31945
12799
31539
44717
8945
32815
14142
66314
10808
39726
62437
29031
39008
12128
9188
5100
53300
35298
32760
87038
5274
36544
38312
8101
41983
16485
33107
34646
117956
36586
57397
70688
24639
17958
22620
24421
8046
65883
17043
40712
54183
10230
31058
53919
38682
17925
39885
45068
6845
31656
4171
95511
53545
39888
8730
10724
50382
7532
35082
26174
68970
22948
46494
58119
6326
12330
47076
90227
49137
20628
29177
56817
33634
21839
1933
48918
11193
44442
19175
57760
14139
12818
10460
6579
30999
3491
30646
38693
13800
62764
23806
12424
28242
32657
23175
96056
11321
21015
33347
6039
9956
18359
61587
25039
30616
33323
14243
119362
15136
56162
7476
72475
113404
50869
26310
61482
6927
55795
24990
37399
71319
18356
27003
47573
77449
57880
40783
9440
85411
136754
9740
36389
25188
42149
11516
29560
45027
32676
52701
13009
74256
3938
7517
34041
25716
7379
8698
95019
5678
49487
65852
59659
101153
43452
4549
2785
16803
58717
33673
44895
23235
8804
79325
46582
29413
34274
6104
25659
10348
17223
75826
105954
47112
17623
21777
93372
15628
15444
18030
67614
17852
16753
28025
33220
44116
68018
16081
59519
28715
62682
10868
79452
61013
34873
17593
30882
41202
96492
29442
28642
33828
21532
19241
47864
13017
32941
13685
13736
49734
84049
44458
11076
10094
56086
2628
6271
70689
14914
23713
20107
35198
83958
20537
3988
39629
57435
10698
55874
6315
12775
30619
28010
69283
141656
3848
16047
37792
71510
54827
17413
36682
99129
27039
17299
31714
82975
98255
30364
84862
44389
38036
49175
51532
51104
38680
12940
69986
43876
27562
17703
39599
10966
52646
20768
54791
26117
58184
19240
68861
4737
18946
15910
1117
5353
14095
64240
3531
27583
41506
28535
76504
16843
2756
58701
10603
4078
22343
35807
11879
46224
61323
41573
112728
15475
33112
19119
37699
42788
49978
8812
39256
11338
17372
88505
33068
6047
28507
4591
36635
61473
61592
97756
157442
10264
11706
22776
54770
83286
13332
28306
38941
128483
70029
8570
26517
45714
7509
38016
52966
25179
54349
21055
20747
33093
105028
45713
25057
48496
10273
16163
56656
23002
32609
43464
48501
46207
36572
14739
113244
11229
64777
20766
18966
43057
9331
63675
23011
3338
87168
3736
17305
8335
18286
63818
50765
13430
129561
25303
17333
75284
54311
20287
12351
34192
13603
10182
27742
81628
76275
81778
6146
8056
37210
14791
24485
34613
23504
5267
7354
40940
21209
45055
27576
14446
14080
33460
165172
56978
51759
57374
19366
73450
36123
61378
3595
26802
48406
15304
61982
62167
42149
33786
69288
33097
12895
47481
6412
32187
51997
25596
33734
61837
30948
20091
6584
34008
74016
44623
6583
66260
60106
22909
43440
31230
96230
89920
8448
2759
36993
5239
33490
48393
79856
22196
14187
61717
57631
10272
35838
47146
21415
49825
110163
4565
200
17379
60893
6107
38724
66169
107785
42999
28297
115069
79793
15184
21871
27470
42564
17826
37072
24817
79228
13194
32857
39328
4759
11401
47724
7861
6543
6376
110291
22650
20521
39556
71073
4747
21616
33437
23903
42449
30106
5634
11509
47534
26635
11637
25376
56432
81545
25311
11387
1396
91480
14022
41006
12384
76155
52535
17306
87
3043
6151
7963
74784
48532
93018
34869
22365
10315
30839
72644
67531
60536
47536
29243
8128
23907
15808
12487
28636
59512
22842
42615
23576
44139
17413
42481
69668
26269
26763
31425
5384
15513
19032
43387
15611
2988
20933
46745
61773
44794
27716
57790
62767
23747
74500
47886
51709
34401
20455
24491
44225
20191
2155
41781
35133
30472
85335
26974
34469
51302
35168
2841
21761
32675
37936
116869
20103
16764
46030
79557
16609
59415
37135
6433
30703
20552
37236
95149
7790
11505
52343
46168
62676
24638
20502
26838
25311
11135
8796
111613
10794
12089
2907
48166
34716
28163
15536
2260
28955
63599
13774
16813
28025
119869
96971
11975
63525
18628
49336
5532
8175
43159
7227
15090
12999
55045
22139
18853
45201
77986
28507
31502
18765
19393
86466
34816
3959
63338
40109
79766
14334
75208
46728
11939
83496
63100
45605
4502
22983
30362
13214
12461
25373
22669
3587
6613
85408
41136
72188
33300
36142
6919
26014
22028
19596
10357
44419
110290
21656
16621
20694
18553
3632
9722
12645
9301
19843
24596
135688
108223
124542
152012
25998
143178
153080
5193
49459
16506
19940
21843
11298
22844
67996
13905
3109
42974
19204
88940
102911
97801
17629
89427
60843
34097
30403
14250
3048
68365
75280
37064
35726
17506
33583
12102
35897
21893
18362
76461
12651
18735
89427
51442
10816
64099
19507
11604
44677
1910
12601
64133
97427
126846
59426
8932
72390
52096
29377
55600
20529
13581
45906
22128
23473
23893
12547
14083
95966
39414
56326
4975
17789
7512
69158
16055
21347
3657
73946
11129
42972
7054
29297
58145
8919
8957
55892
43014
55161
31178
44200
45772
44671
1285
25606
27768
24069
47221
74534
61088
38276
4446
100497
37708
61126
5576
36310
82485
46774
15122
7434
36618
51725
33037
16198
57592
74202
8350
6718
14273
41155
49793
23240
26681
27542
61331
117424
58004
53263
52271
5784
13202
16376
22867
94143
44445
12862
40960
34704
110080
91347
26675
107175
26034
44251
56191
30834
102578
5875
25671
10589
96051
82592
19639
18665
8608
20832
41707
40132
43201
46831
20591
45548
4156
11286
63364
98394
78124
9394
31384
62417
16108
109818
44108
11184
82637
2764
61382
5183
20198
70219
44466
38855
21297
27796
12649
75698
62234
8347
30326
40651
4910
5472
35452
28929
30133
44289
9572
140019
42374
3465
17279
7316
25936
35681
45084
2895
43650
21476
20704
9260
49288
67613
30286
70501
73456
14511
62418
94059
9968
29899
57861
76439
63019
19478
52902
56943
20302
131845
54145
156404
25876
17313
28081
73696
2816
48143
39723
64084
63434
13288
48234
69104
21718
11047
64408
40285
14058
44840
8442
27966
12855
6532
30598
111709
2138
80780
30558
65500
49082
39804
11058
73993
91207
58287
18205
21928
17885
62381
75543
84909
1732
11331
101044
