56475
31017
21171
64443
52707
15156
10772
42658
13105
84154
73509
8262
64791
31590
47686
36461
20765
3951
13324
21076
9717
39318
30351
65651
34675
81919
52634
26651
52028
56638
83911
37653
14701
7966
25461
65387
42254
61321
13002
57784
25629
38140
21484
16216
2314
5733
24896
57090
31142
23086
50436
22133
6780
33914
37454
48003
34762
36544
15396
47092
33921
35087
91734
44202
18858
33042
15684
20083
28656
39080
28074
61118
77117
11112
5015
2877
14508
34074
83239
20681
19472
2046
134894
13648
25605
21702
43519
19725
39435
7147
33945
10373
11704
14900
69863
13337
23450
79514
14351
7524
75324
14832
23954
127988
84964
52589
10466
45136
16092
63633
7695
37842
87731
87133
22725
80052
45525
31028
40955
25519
112298
36819
24185
39883
10960
6077
17217
9679
2398
27838
42553
26155
22686
22979
27060
22552
54456
19501
52434
32919
82165
20670
12435
15124
6199
104258
55196
35490
23130
8100
10055
14188
99838
37212
40003
25804
44506
10755
13952
16708
27776
7581
56693
90338
8687
40787
8783
21360
43210
28210
23953
48973
25841
56040
34609
57407
18187
7170
7930
28540
30979
17986
61815
32173
72595
14943
83977
32709
18096
41458
59847
31959
46249
14741
13716
18918
20184
67197
16203
10616
15851
48301
26507
46730
97164
16163
33709
29138
49577
12413
88190
17753
16714
4216
7874
10222
31655
38270
78297
192545
68983
38717
4066
85684
89165
19914
18485
27525
13460
12545
20510
66578
30742
25383
31909
51523
27509
43420
44463
69511
47290
20550
14454
121602
3910
4272
6711
107109
4662
130915
15423
50244
29684
15116
48945
187766
22498
24366
111447
58372
20406
128882
80935
87067
133735
69355
14796
87233
137429
15189
12184
13828
19944
4308
20470
25203
23454
12572
26302
8620
29310
56804
34663
52971
7364
49407
26334
26851
6742
2394
80726
94847
50829
13683
16805
98297
37255
78367
28020
94211
14588
10932
89885
11758
95226
32647
68894
64766
34189
13517
32859
81654
14770
68009
37660
4437
71918
3553
20644
10757
17642
9199
50610
50397
22493
21178
83725
78774
10365
7137
121863
10791
24958
37175
86556
5978
45918
53364
20779
39729
9391
85445
18567
37097
4295
28370
29085
100497
25294
33017
3973
28885
62953
123251
159447
94346
25536
60335
37584
6625
29257
23510
10629
24723
10781
8671
53814
53467
15675
21187
46582
13341
4008
17408
33366
8437
10973
8390
16573
30050
18710
24233
41774
31158
71419
3346
2105
16176
35931
70916
26514
65788
55117
16242
21513
71667
16070
40711
117506
67574
7898
17274
3655
29648
15827
37878
52054
4825
39031
30953
18615
17805
13073
149717
2575
6862
90571
69848
9553
72256
24737
58384
32922
27354
28161
47786
62544
36617
32235
16676
71910
14476
11764
19539
26715
55659
39325
100408
31096
61407
28441
66048
32493
17225
57524
64823
77693
39904
64577
16704
18517
12139
25572
64431
13325
3128
28654
74836
87621
16666
74130
31048
66921
33008
5151
77199
30338
104417
8104
12010
12656
20355
8764
12406
39439
36905
27313
67559
22222
7074
59110
56175
51353
58814
88363
44638
65573
5362
15318
33056
10184
15307
21434
12271
24208
36939
61689
19427
5131
5668
19094
143189
3999
34794
31841
10305
61350
19259
41599
47061
7406
45578
12035
22113
152111
1841
85997
27006
39966
46666
60531
7284
23943
53574
77413
8776
7146
19415
25273
9738
10698
23066
42593
11910
82824
24321
95938
12673
52617
17749
7540
15330
20333
62253
40371
95602
101313
33270
5757
9431
17201
53605
40170
67778
139020
10372
83177
33471
37700
7336
42850
10672
42235
31502
67136
39734
28526
34391
37309
31281
34910
57099
32675
15427
31487
56275
19973
7535
9805
117645
23195
57672
12009
89506
108226
2798
53901
13831
20621
22802
50139
54566
66045
42479
11895
5028
74969
19792
23181
19799
19489
96449
78715
33725
51842
15459
27607
37070
29746
46789
81189
62085
13085
42188
26458
99527
54415
25930
14570
25050
27603
28303
11656
30448
4867
19952
20585
75741
26731
39205
6423
28041
11018
3861
80465
5364
11077
54761
14261
39223
35262
31034
44122
45369
38603
13200
30132
34969
28997
10270
50811
25950
80079
16334
51683
35212
7458
12209
8985
6116
26473
41918
45140
47650
31229
133809
25082
8434
9634
24448
41935
94572
55509
30168
6603
5938
20108
102343
5058
12751
77004
65978
19918
57968
23887
40165
42876
48038
29736
4297
22534
44612
171174
68995
105784
14876
7568
61748
30309
20719
3873
31279
20106
32023
12330
69032
34746
41860
13385
36478
41171
2154
32127
20169
20622
50216
29305
39355
10130
16903
28233
73456
73440
23441
17519
19140
29800
54399
70282
13028
39184
33848
73133
49636
30135
23871
5108
12316
22653
16345
109750
42188
97277
65259
22591
13073
12208
50501
39388
56075
5365
19242
47822
33829
51858
56350
66726
21370
60579
21745
20311
34551
23325
28021
21412
61765
8201
31130
76582
49257
5572
11914
9504
54078
79527
12477
16272
22066
4548
27860
41807
109329
7528
43743
4350
173239
15560
161199
68145
5331
9205
22512
14263
64080
60112
8938
37503
49935
25796
55776
103213
12588
14365
19213
34570
55281
46609
55288
44972
67288
24275
55809
22504
11658
14147
9572
83775
44537
36433
15551
15671
20173
17423
34440
11576
69156
38092
23395
18200
47214
114862
8442
12830
3732
36199
22911
15805
65491
19794
27358
11613
102851
80481
14446
8243
16099
49708
46227
27307
38333
22675
76736
60700
12373
5952
32093
23616
8843
64310
57772
10778
35384
103677
60998
69410
17130
18489
35667
15297
28598
65298
31447
68891
21820
20808
13234
76393
43853
54478
12614
95622
100857
96695
14106
14870
34585
49824
3892
11885
14684
19902
18535
57480
75163
6892
137521
22961
40075
113996
28482
26090
62916
86991
18248
28973
83230
17614
19492
26946
4821
74907
13167
81866
23583
55518
42575
11397
56841
15253
24224
84967
74608
25633
11403
51824
7471
49197
116063
39246
50036
15809
12693
57147
17785
67754
56240
49149
5773
32921
15521
19405
50347
147736
76655
31575
48912
9469
16006
13057
58077
78750
18364
18753
79866
34196
3408
32369
9255
74885
17406
12077
70208
9092
69727
32468
728
60931
62621
44798
9289
36950
24739
92427
35445
116011
11496
5935
41590
10342
75503
11883
8774
58035
29741
29556
22299
40850
6021
35718
63164
51922
110912
8719
34488
75205
80396
21303
76566
77956
99233
70929
94998
24644
11949
29736
15945
22544
28220
25657
18826
15362
28904
26256
26148
35480
33382
60729
17941
81751
60658
31906
16270
73917
38031
20865
25312
95956
90549
25297
11663
28089
3960
109996
6874
45735
26741
134731
66127
46966
10197
42197
3726
66357
118323
37239
20635
23760
8085
9228
42166
103089
99664
77247
30634
15022
84598
45196
6171
22202
43319
15667
11966
12245
7147
20954
36326
32454
51294
8109
26331
5440
23362
7363
93171
75773
40087
19799
12262
42383
58205
134691
104377
87334
5221
40708
39190
34225
44374
15462
100078
57995
30139
53363
35153
13247
17097
13373
19326
25929
15442
8632
8497
93408
94634
14390
26722
28221
34883
23425
47687
15687
61999
12431
41780
50294
63223
17076
1805
5202
3207
21125
14218
30666
0
5980
57070
28042
27062
5743
9085
19781
77525
6830
87499
2458
27980
31488
10961
14944
48402
101146
99336
25238
7800
17963
46658
32089
21958
26095
61186
37666
4789
14399
16278
13322
24648
20643
33346
17200
23279
40948
18330
91877
110699
70485
35353
20498
174288
3833
76630
30348
167131
16151
28916
29945
5456
18248
23867
9330
51112
46310
51475
16756
5987
19804
5212
19628
73684
12520
64382
17245
14949
8747
5961
22424
18617
22980
18111
8270
24845
50372
29893
49247
32726
13770
84718
8530
2825
34912
59581
8096
8677
24425
146839
34388
82373
25662
9501
32253
31162
120442
123570
20685
41793
70824
5159
8949
8482
26134
96459
45199
7099
57151
70754
22791
16836
4867
63302
13711
39584
17577
22498
14383
63066
65174
42224
83328
4116
4080
35920
34844
34489
8682
74632
56168
39420
45588
5209
32550
35943
21615
55266
24869
6535
28380
86814
68425
33603
49136
28014
4407
28425
20818
24538
78527
32964
67081
108479
8624
16632
12531
72754
31646
19668
43899
26814
6334
62565
20680
24374
60099
95012
86200
6240
65701
98233
105094
36999
3421
21717
6256
36560
77311
118128
13786
77934
57411
57268
18118
61232
53758
1049
64001
51718
112474
100654
82287
19293
38505
45518
22115
29385
30854
58080
26995
72529
105127
20691
28423
48746
145155
32625
54130
57441
47405
16892
27037
12077
18585
12935
46301
63357
9055
11360
38968
22457
12109
78335
48036
11540
25573
5712
78418
110666
28103
39544
40366
99677
10285
9338
171193
10520
5259
1758
32156
16481
16504
8927
48595
12431
21688
9564
4154
21056
35273
48161
119162
3651
43433
15400
76992
17210
19225
93683
24816
19046
84599
28527
17086
49761
39969
6990
54924
12497
31858
58109
105766
23575
104144
17169
14002
81420
7037
20786
24031
97362
29701
1587
35912
59812
12598
119694
155775
69397
13225
18298
68527
11199
15204
14427
3259
65966
30604
12751
46695
14975
8270
22068
23801
10188
33384
21423
59334
8284
52565
3952
10533
33287
27819
8662
50085
2099
44398
5330
72380
22143
10223
8132
64670
37332
115473
59215
50896
6883
55731
29149
21036
42683
35468
35947
22696
13447
64460
96406
56205
8278
134019
87462
93708
66424
32914
75563
17894
10036
103959
4044
52267
27132
81978
66354
19478
12802
25772
48686
32785
32901
43405
7531
26161
12521
21264
39873
66840
12444
3256
38786
46154
18554
19932
51784
37533
15385
67005
70857
17943
14796
78367
32755
25896
16250
31051
5888
68758
36615
49996
35324
68065
56622
25034
12372
129143
41083
99923
24917
1581
61560
35205
17021
61605
7167
12608
46633
13483
104224
24869
28126
44252
117339
38133
101567
35358
63960
32267
44957
26066
77951
16460
106919
67117
13844
13499
4219
9690
74609
22029
2726
72677
32368
13622
2240
34131
17692
6925
28954
26218
44109
4183
1897
14308
4999
13735
61687
28572
22319
3927
93803
63508
22465
87310
13115
20622
35910
52952
6377
24648
16496
81614
22548
6768
14341
97419
40109
16090
57654
126223
119899
14635
37447
59667
52821
10152
73457
67334
7906
5567
34372
68157
6588
23259
18031
135098
30562
75983
13494
8289
22421
102992
46160
18921
144835
6264
72736
85983
6260
109189
63025
33864
13129
10886
27362
119130
81279
17093
11389
12448
22660
66543
47855
26408
111649
122889
16002
72657
27384
71220
21386
67443
129560
61760
72357
38037
115903
15287
17541
5513
19690
29794
9586
74148
50632
102439
32769
52982
26503
24138
11708
49915
22729
45579
55072
53090
20465
12326
123116
56339
28749
3995
118621
34225
15977
28324
838
10143
62798
43740
39009
48092
24800
18464
58700
32068
10916
46904
26395
71583
15174
6849
16002
60265
119254
1554
43074
83496
8423
24612
25987
9678
71683
89427
69676
55705
40291
69406
3047
14209
35673
17655
55225
60802
20413
65916
25084
21451
81972
39978
14772
124633
45078
72555
34140
12247
28773
57734
16598
25105
10290
24470
37571
25819
13246
40843
52779
105166
33513
61559
28119
100655
36705
80676
40225
33150
65956
35014
52277
20280
5563
15710
40028
22078
11244
19962
43850
28239
41760
34493
2967
45528
12953
140199
4183
31423
37444
53881
148998
31169
56982
31777
53321
67112
25695
15822
52485
6824
23570
6171
26479
140356
8295
50210
55164
15343
6902
50621
19726
25890
19179
54216
13340
37527
4231
73974
26723
83764
95841
50938
44235
31519
45185
5281
13684
125077
30003
28223
59911
7639
35777
32737
23388
50387
89755
30334
48988
24066
59524
33311
67206
22771
33962
20519
8596
91199
94598
12404
16715
16518
28810
45633
7682
21514
47648
38457
126605
31937
25019
83863
32887
12425
86361
29316
14999
66481
18667
42237
25732
6735
38909
25169
18111
30731
4938
16377
46338
23752
23772
80798
3717
7841
51236
18430
29489
88732
3144
65625
82908
69596
70153
31301
19295
49038
24283
41084
10329
6571
20435
17418
29961
37867
9996
32267
124659
103413
103538
54078
54422
8981
61631
54463
72350
71304
35207
55847
40373
4936
27909
9133
22172
68779
32375
39132
42752
12640
133607
6156
29492
9284
24028
75563
6682
27726
29300
77371
9008
17101
4687
45963
15553
5517
71730
8391
29875
96061
32573
42973
10004
19183
91697
47167
46181
28632
44014
20468
16947
60637
72347
18581
10885
13357
31717
18957
33219
27375
112684
3036
28379
79151
15760
9878
26143
4983
9929
55412
34657
29215
47789
29242
43100
29647
35792
56827
44316
26433
14634
37668
47925
44929
17903
6278
24538
16742
38939
45732
10157
25523
50820
105166
7980
9065
30912
23591
7721
22738
53183
12712
27908
51859
74916
11931
26937
108036
3658
