138.6666121678413
8230.316387134688
692.9954704306929
1996.2777964994502
1226.9931952274028
733.7807782976654
1083.3793990668103
5118.768394628716
1438.580399574085
1083.351116592204
3900.2060320384066
2814.7035617683846
759.3572100823166
1380.960802629976
1010.6271622517828
2560.8568237337126
1341.0576979539387
1520.524819584728
4979.453485099111
5469.605872120512
2038.7164910954132
1938.1832156203814
859.2109946193639
1384.0838001435038
1975.5606564524212
1381.3254187853245
1505.4469346908195
4322.955384112048
4243.3142760747
1067.994289817157
4273.835687149451
4098.271446887867
1398.243650748059
1168.2217384380294
1756.9686261601364
965.027676209323
1188.4190269816902
2347.364122826198
1489.592316589027
5111.44501184066
4966.634920754041
2464.5974162127054
1276.16117336418
2924.0569091108478
1041.2972376466557
796.9765358526529
1695.821136136953
1747.0366349785231
806.0419184057632
2174.841347976671
1278.8918658741593
647.2951875458152
1810.242910213608
1845.3633896133879
780.7634427956498
1436.555526932592
1567.3992568776673
811.2870256917405
833.2502243465351
1419.9261555995852
959.3711361752345
2178.677897084986
1897.2422772632015
662.9501260653711
3930.8433456555786
1852.4984968625831
1426.5821354107748
2964.000724969958
790.1079361153722
757.5480071484357
3317.174247234522
1475.975155323832
2931.789003295996
1701.633440587591
881.0771606048711
3206.525561796225
713.7972179159407
6064.733011658015
3758.4160390551024
2560.5103223288165
1762.7792212645988
720.4316307767319
955.8411015145135
3918.701287964012
4279.106406376365
1624.0965633462813
635.1090198284309
851.6660489678361
1927.7722706952154
1254.2813539787953
1142.0071972638323
3768.360317667399
925.6660635604158
1827.6751157732074
2571.9762789266506
940.5524496920294
1303.9968381780243
3653.211117937878
5041.776199934676
1221.6518777214865
